#t	x	v
0.000	0.001	1.000
0.001	0.002	1.000
0.002	0.003	1.000
0.003	0.004	1.000
0.004	0.005	1.000
0.005	0.006	1.000
0.006	0.007	1.000
0.007	0.008	1.000
0.008	0.009	1.000
0.009	0.010	1.000
0.010	0.011	1.000
0.011	0.012	1.000
0.012	0.013	1.000
0.013	0.014	1.000
0.014	0.015	1.000
0.015	0.016	1.000
0.016	0.017	1.000
0.017	0.018	1.000
0.018	0.019	1.000
0.019	0.020	1.000
0.020	0.021	1.000
0.021	0.022	1.000
0.022	0.023	1.000
0.023	0.024	1.000
0.024	0.025	1.000
0.025	0.026	1.000
0.026	0.027	1.000
0.027	0.028	1.000
0.028	0.029	1.000
0.029	0.030	1.000
0.030	0.031	1.000
0.031	0.032	1.000
0.032	0.033	0.999
0.033	0.034	0.999
0.034	0.035	0.999
0.035	0.036	0.999
0.036	0.037	0.999
0.037	0.038	0.999
0.038	0.039	0.999
0.039	0.040	0.999
0.040	0.041	0.999
0.041	0.042	0.999
0.042	0.043	0.999
0.043	0.044	0.999
0.044	0.045	0.999
0.045	0.046	0.999
0.046	0.047	0.999
0.047	0.048	0.999
0.048	0.049	0.999
0.049	0.050	0.999
0.050	0.051	0.999
0.051	0.052	0.999
0.052	0.053	0.999
0.053	0.054	0.999
0.054	0.055	0.999
0.055	0.056	0.998
0.056	0.057	0.998
0.057	0.058	0.998
0.058	0.059	0.998
0.059	0.060	0.998
0.060	0.061	0.998
0.061	0.062	0.998
0.062	0.063	0.998
0.063	0.064	0.998
0.064	0.065	0.998
0.065	0.066	0.998
0.066	0.067	0.998
0.067	0.068	0.998
0.068	0.069	0.998
0.069	0.070	0.998
0.070	0.071	0.998
0.071	0.072	0.997
0.072	0.073	0.997
0.073	0.074	0.997
0.074	0.075	0.997
0.075	0.076	0.997
0.076	0.077	0.997
0.077	0.078	0.997
0.078	0.079	0.997
0.079	0.080	0.997
0.080	0.081	0.997
0.081	0.082	0.997
0.082	0.083	0.997
0.083	0.084	0.997
0.084	0.085	0.996
0.085	0.086	0.996
0.086	0.087	0.996
0.087	0.088	0.996
0.088	0.089	0.996
0.089	0.090	0.996
0.090	0.091	0.996
0.091	0.092	0.996
0.092	0.093	0.996
0.093	0.094	0.996
0.094	0.095	0.996
0.095	0.096	0.995
0.096	0.097	0.995
0.097	0.098	0.995
0.098	0.099	0.995
0.099	0.100	0.995
0.100	0.101	0.995
0.101	0.102	0.995
0.102	0.103	0.995
0.103	0.104	0.995
0.104	0.105	0.995
0.105	0.106	0.994
0.106	0.107	0.994
0.107	0.108	0.994
0.108	0.109	0.994
0.109	0.110	0.994
0.110	0.111	0.994
0.111	0.112	0.994
0.112	0.113	0.994
0.113	0.114	0.994
0.114	0.115	0.993
0.115	0.116	0.993
0.116	0.117	0.993
0.117	0.118	0.993
0.118	0.119	0.993
0.119	0.120	0.993
0.120	0.121	0.993
0.121	0.122	0.993
0.122	0.123	0.993
0.123	0.124	0.992
0.124	0.125	0.992
0.125	0.126	0.992
0.126	0.127	0.992
0.127	0.128	0.992
0.128	0.129	0.992
0.129	0.130	0.992
0.130	0.131	0.991
0.131	0.132	0.991
0.132	0.133	0.991
0.133	0.134	0.991
0.134	0.135	0.991
0.135	0.136	0.991
0.136	0.137	0.991
0.137	0.138	0.991
0.138	0.139	0.990
0.139	0.140	0.990
0.140	0.141	0.990
0.141	0.142	0.990
0.142	0.143	0.990
0.143	0.144	0.990
0.144	0.144	0.990
0.145	0.145	0.989
0.146	0.146	0.989
0.147	0.147	0.989
0.148	0.148	0.989
0.149	0.149	0.989
0.150	0.150	0.989
0.151	0.151	0.989
0.152	0.152	0.988
0.153	0.153	0.988
0.154	0.154	0.988
0.155	0.155	0.988
0.156	0.156	0.988
0.157	0.157	0.988
0.158	0.158	0.987
0.159	0.159	0.987
0.160	0.160	0.987
0.161	0.161	0.987
0.162	0.162	0.987
0.163	0.163	0.987
0.164	0.164	0.987
0.165	0.165	0.986
0.166	0.166	0.986
0.167	0.167	0.986
0.168	0.168	0.986
0.169	0.169	0.986
0.170	0.170	0.986
0.171	0.171	0.985
0.172	0.172	0.985
0.173	0.173	0.985
0.174	0.174	0.985
0.175	0.175	0.985
0.176	0.176	0.984
0.177	0.177	0.984
0.178	0.178	0.984
0.179	0.179	0.984
0.180	0.180	0.984
0.181	0.181	0.984
0.182	0.182	0.983
0.183	0.183	0.983
0.184	0.184	0.983
0.185	0.185	0.983
0.186	0.186	0.983
0.187	0.187	0.982
0.188	0.188	0.982
0.189	0.189	0.982
0.190	0.190	0.982
0.191	0.191	0.982
0.192	0.192	0.982
0.193	0.193	0.981
0.194	0.194	0.981
0.195	0.195	0.981
0.196	0.196	0.981
0.197	0.197	0.981
0.198	0.198	0.980
0.199	0.199	0.980
0.200	0.200	0.980
0.201	0.201	0.980
0.202	0.202	0.980
0.203	0.203	0.979
0.204	0.204	0.979
0.205	0.205	0.979
0.206	0.206	0.979
0.207	0.207	0.979
0.208	0.207	0.978
0.209	0.208	0.978
0.210	0.209	0.978
0.211	0.210	0.978
0.212	0.211	0.978
0.213	0.212	0.977
0.214	0.213	0.977
0.215	0.214	0.977
0.216	0.215	0.977
0.217	0.216	0.976
0.218	0.217	0.976
0.219	0.218	0.976
0.220	0.219	0.976
0.221	0.220	0.976
0.222	0.221	0.975
0.223	0.222	0.975
0.224	0.223	0.975
0.225	0.224	0.975
0.226	0.225	0.974
0.227	0.226	0.974
0.228	0.227	0.974
0.229	0.228	0.974
0.230	0.229	0.974
0.231	0.230	0.973
0.232	0.231	0.973
0.233	0.232	0.973
0.234	0.233	0.973
0.235	0.234	0.972
0.236	0.235	0.972
0.237	0.236	0.972
0.238	0.237	0.972
0.239	0.238	0.971
0.240	0.239	0.971
0.241	0.240	0.971
0.242	0.241	0.971
0.243	0.242	0.971
0.244	0.243	0.970
0.245	0.244	0.970
0.246	0.244	0.970
0.247	0.245	0.970
0.248	0.246	0.969
0.249	0.247	0.969
0.250	0.248	0.969
0.251	0.249	0.969
0.252	0.250	0.968
0.253	0.251	0.968
0.254	0.252	0.968
0.255	0.253	0.968
0.256	0.254	0.967
0.257	0.255	0.967
0.258	0.256	0.967
0.259	0.257	0.967
0.260	0.258	0.966
0.261	0.259	0.966
0.262	0.260	0.966
0.263	0.261	0.965
0.264	0.262	0.965
0.265	0.263	0.965
0.266	0.264	0.965
0.267	0.265	0.964
0.268	0.266	0.964
0.269	0.267	0.964
0.270	0.268	0.964
0.271	0.269	0.963
0.272	0.270	0.963
0.273	0.271	0.963
0.274	0.272	0.963
0.275	0.273	0.962
0.276	0.273	0.962
0.277	0.274	0.962
0.278	0.275	0.961
0.279	0.276	0.961
0.280	0.277	0.961
0.281	0.278	0.961
0.282	0.279	0.960
0.283	0.280	0.960
0.284	0.281	0.960
0.285	0.282	0.960
0.286	0.283	0.959
0.287	0.284	0.959
0.288	0.285	0.959
0.289	0.286	0.958
0.290	0.287	0.958
0.291	0.288	0.958
0.292	0.289	0.958
0.293	0.290	0.957
0.294	0.291	0.957
0.295	0.292	0.957
0.296	0.293	0.956
0.297	0.294	0.956
0.298	0.295	0.956
0.299	0.296	0.955
0.300	0.296	0.955
0.301	0.297	0.955
0.302	0.298	0.955
0.303	0.299	0.954
0.304	0.300	0.954
0.305	0.301	0.954
0.306	0.302	0.953
0.307	0.303	0.953
0.308	0.304	0.953
0.309	0.305	0.952
0.310	0.306	0.952
0.311	0.307	0.952
0.312	0.308	0.952
0.313	0.309	0.951
0.314	0.310	0.951
0.315	0.311	0.951
0.316	0.312	0.950
0.317	0.313	0.950
0.318	0.314	0.950
0.319	0.315	0.949
0.320	0.316	0.949
0.321	0.316	0.949
0.322	0.317	0.948
0.323	0.318	0.948
0.324	0.319	0.948
0.325	0.320	0.947
0.326	0.321	0.947
0.327	0.322	0.947
0.328	0.323	0.947
0.329	0.324	0.946
0.330	0.325	0.946
0.331	0.326	0.946
0.332	0.327	0.945
0.333	0.328	0.945
0.334	0.329	0.945
0.335	0.330	0.944
0.336	0.331	0.944
0.337	0.332	0.944
0.338	0.333	0.943
0.339	0.333	0.943
0.340	0.334	0.943
0.341	0.335	0.942
0.342	0.336	0.942
0.343	0.337	0.942
0.344	0.338	0.941
0.345	0.339	0.941
0.346	0.340	0.941
0.347	0.341	0.940
0.348	0.342	0.940
0.349	0.343	0.940
0.350	0.344	0.939
0.351	0.345	0.939
0.352	0.346	0.939
0.353	0.347	0.938
0.354	0.348	0.938
0.355	0.349	0.937
0.356	0.349	0.937
0.357	0.350	0.937
0.358	0.351	0.936
0.359	0.352	0.936
0.360	0.353	0.936
0.361	0.354	0.935
0.362	0.355	0.935
0.363	0.356	0.935
0.364	0.357	0.934
0.365	0.358	0.934
0.366	0.359	0.934
0.367	0.360	0.933
0.368	0.361	0.933
0.369	0.362	0.933
0.370	0.363	0.932
0.371	0.363	0.932
0.372	0.364	0.931
0.373	0.365	0.931
0.374	0.366	0.931
0.375	0.367	0.930
0.376	0.368	0.930
0.377	0.369	0.930
0.378	0.370	0.929
0.379	0.371	0.929
0.380	0.372	0.928
0.381	0.373	0.928
0.382	0.374	0.928
0.383	0.375	0.927
0.384	0.376	0.927
0.385	0.376	0.927
0.386	0.377	0.926
0.387	0.378	0.926
0.388	0.379	0.925
0.389	0.380	0.925
0.390	0.381	0.925
0.391	0.382	0.924
0.392	0.383	0.924
0.393	0.384	0.924
0.394	0.385	0.923
0.395	0.386	0.923
0.396	0.387	0.922
0.397	0.388	0.922
0.398	0.388	0.922
0.399	0.389	0.921
0.400	0.390	0.921
0.401	0.391	0.920
0.402	0.392	0.920
0.403	0.393	0.920
0.404	0.394	0.919
0.405	0.395	0.919
0.406	0.396	0.919
0.407	0.397	0.918
0.408	0.398	0.918
0.409	0.399	0.917
0.410	0.400	0.917
0.411	0.400	0.917
0.412	0.401	0.916
0.413	0.402	0.916
0.414	0.403	0.915
0.415	0.404	0.915
0.416	0.405	0.915
0.417	0.406	0.914
0.418	0.407	0.914
0.419	0.408	0.913
0.420	0.409	0.913
0.421	0.410	0.912
0.422	0.410	0.912
0.423	0.411	0.912
0.424	0.412	0.911
0.425	0.413	0.911
0.426	0.414	0.910
0.427	0.415	0.910
0.428	0.416	0.910
0.429	0.417	0.909
0.430	0.418	0.909
0.431	0.419	0.908
0.432	0.420	0.908
0.433	0.421	0.908
0.434	0.421	0.907
0.435	0.422	0.907
0.436	0.423	0.906
0.437	0.424	0.906
0.438	0.425	0.905
0.439	0.426	0.905
0.440	0.427	0.905
0.441	0.428	0.904
0.442	0.429	0.904
0.443	0.430	0.903
0.444	0.430	0.903
0.445	0.431	0.902
0.446	0.432	0.902
0.447	0.433	0.902
0.448	0.434	0.901
0.449	0.435	0.901
0.450	0.436	0.900
0.451	0.437	0.900
0.452	0.438	0.899
0.453	0.439	0.899
0.454	0.439	0.898
0.455	0.440	0.898
0.456	0.441	0.898
0.457	0.442	0.897
0.458	0.443	0.897
0.459	0.444	0.896
0.460	0.445	0.896
0.461	0.446	0.895
0.462	0.447	0.895
0.463	0.448	0.894
0.464	0.448	0.894
0.465	0.449	0.894
0.466	0.450	0.893
0.467	0.451	0.893
0.468	0.452	0.892
0.469	0.453	0.892
0.470	0.454	0.891
0.471	0.455	0.891
0.472	0.456	0.890
0.473	0.456	0.890
0.474	0.457	0.890
0.475	0.458	0.889
0.476	0.459	0.889
0.477	0.460	0.888
0.478	0.461	0.888
0.479	0.462	0.887
0.480	0.463	0.887
0.481	0.464	0.886
0.482	0.464	0.886
0.483	0.465	0.885
0.484	0.466	0.885
0.485	0.467	0.884
0.486	0.468	0.884
0.487	0.469	0.884
0.488	0.470	0.883
0.489	0.471	0.883
0.490	0.472	0.882
0.491	0.472	0.882
0.492	0.473	0.881
0.493	0.474	0.881
0.494	0.475	0.880
0.495	0.476	0.880
0.496	0.477	0.879
0.497	0.478	0.879
0.498	0.479	0.878
0.499	0.479	0.878
0.500	0.480	0.877
0.501	0.481	0.877
0.502	0.482	0.876
0.503	0.483	0.876
0.504	0.484	0.875
0.505	0.485	0.875
0.506	0.486	0.874
0.507	0.486	0.874
0.508	0.487	0.873
0.509	0.488	0.873
0.510	0.489	0.873
0.511	0.490	0.872
0.512	0.491	0.872
0.513	0.492	0.871
0.514	0.493	0.871
0.515	0.493	0.870
0.516	0.494	0.870
0.517	0.495	0.869
0.518	0.496	0.869
0.519	0.497	0.868
0.520	0.498	0.868
0.521	0.499	0.867
0.522	0.499	0.867
0.523	0.500	0.866
0.524	0.501	0.866
0.525	0.502	0.865
0.526	0.503	0.865
0.527	0.504	0.864
0.528	0.505	0.864
0.529	0.506	0.863
0.530	0.506	0.863
0.531	0.507	0.862
0.532	0.508	0.862
0.533	0.509	0.861
0.534	0.510	0.861
0.535	0.511	0.860
0.536	0.512	0.860
0.537	0.512	0.859
0.538	0.513	0.858
0.539	0.514	0.858
0.540	0.515	0.857
0.541	0.516	0.857
0.542	0.517	0.856
0.543	0.518	0.856
0.544	0.518	0.855
0.545	0.519	0.855
0.546	0.520	0.854
0.547	0.521	0.854
0.548	0.522	0.853
0.549	0.523	0.853
0.550	0.524	0.852
0.551	0.524	0.852
0.552	0.525	0.851
0.553	0.526	0.851
0.554	0.527	0.850
0.555	0.528	0.850
0.556	0.529	0.849
0.557	0.529	0.849
0.558	0.530	0.848
0.559	0.531	0.848
0.560	0.532	0.847
0.561	0.533	0.846
0.562	0.534	0.846
0.563	0.535	0.845
0.564	0.535	0.845
0.565	0.536	0.844
0.566	0.537	0.844
0.567	0.538	0.843
0.568	0.539	0.843
0.569	0.540	0.842
0.570	0.540	0.842
0.571	0.541	0.841
0.572	0.542	0.841
0.573	0.543	0.840
0.574	0.544	0.839
0.575	0.545	0.839
0.576	0.546	0.838
0.577	0.546	0.838
0.578	0.547	0.837
0.579	0.548	0.837
0.580	0.549	0.836
0.581	0.550	0.836
0.582	0.551	0.835
0.583	0.551	0.835
0.584	0.552	0.834
0.585	0.553	0.833
0.586	0.554	0.833
0.587	0.555	0.832
0.588	0.556	0.832
0.589	0.556	0.831
0.590	0.557	0.831
0.591	0.558	0.830
0.592	0.559	0.830
0.593	0.560	0.829
0.594	0.561	0.828
0.595	0.561	0.828
0.596	0.562	0.827
0.597	0.563	0.827
0.598	0.564	0.826
0.599	0.565	0.826
0.600	0.565	0.825
0.601	0.566	0.824
0.602	0.567	0.824
0.603	0.568	0.823
0.604	0.569	0.823
0.605	0.570	0.822
0.606	0.570	0.822
0.607	0.571	0.821
0.608	0.572	0.821
0.609	0.573	0.820
0.610	0.574	0.819
0.611	0.575	0.819
0.612	0.575	0.818
0.613	0.576	0.818
0.614	0.577	0.817
0.615	0.578	0.816
0.616	0.579	0.816
0.617	0.579	0.815
0.618	0.580	0.815
0.619	0.581	0.814
0.620	0.582	0.814
0.621	0.583	0.813
0.622	0.583	0.812
0.623	0.584	0.812
0.624	0.585	0.811
0.625	0.586	0.811
0.626	0.587	0.810
0.627	0.588	0.809
0.628	0.588	0.809
0.629	0.589	0.808
0.630	0.590	0.808
0.631	0.591	0.807
0.632	0.592	0.807
0.633	0.592	0.806
0.634	0.593	0.805
0.635	0.594	0.805
0.636	0.595	0.804
0.637	0.596	0.804
0.638	0.596	0.803
0.639	0.597	0.802
0.640	0.598	0.802
0.641	0.599	0.801
0.642	0.600	0.801
0.643	0.600	0.800
0.644	0.601	0.799
0.645	0.602	0.799
0.646	0.603	0.798
0.647	0.604	0.798
0.648	0.604	0.797
0.649	0.605	0.796
0.650	0.606	0.796
0.651	0.607	0.795
0.652	0.608	0.795
0.653	0.608	0.794
0.654	0.609	0.793
0.655	0.610	0.793
0.656	0.611	0.792
0.657	0.612	0.792
0.658	0.612	0.791
0.659	0.613	0.790
0.660	0.614	0.790
0.661	0.615	0.789
0.662	0.615	0.788
0.663	0.616	0.788
0.664	0.617	0.787
0.665	0.618	0.787
0.666	0.619	0.786
0.667	0.619	0.785
0.668	0.620	0.785
0.669	0.621	0.784
0.670	0.622	0.784
0.671	0.623	0.783
0.672	0.623	0.782
0.673	0.624	0.782
0.674	0.625	0.781
0.675	0.626	0.780
0.676	0.626	0.780
0.677	0.627	0.779
0.678	0.628	0.779
0.679	0.629	0.778
0.680	0.630	0.777
0.681	0.630	0.777
0.682	0.631	0.776
0.683	0.632	0.775
0.684	0.633	0.775
0.685	0.633	0.774
0.686	0.634	0.773
0.687	0.635	0.773
0.688	0.636	0.772
0.689	0.637	0.772
0.690	0.637	0.771
0.691	0.638	0.770
0.692	0.639	0.770
0.693	0.640	0.769
0.694	0.640	0.768
0.695	0.641	0.768
0.696	0.642	0.767
0.697	0.643	0.766
0.698	0.643	0.766
0.699	0.644	0.765
0.700	0.645	0.765
0.701	0.646	0.764
0.702	0.647	0.763
0.703	0.647	0.763
0.704	0.648	0.762
0.705	0.649	0.761
0.706	0.650	0.761
0.707	0.650	0.760
0.708	0.651	0.759
0.709	0.652	0.759
0.710	0.653	0.758
0.711	0.653	0.757
0.712	0.654	0.757
0.713	0.655	0.756
0.714	0.656	0.755
0.715	0.656	0.755
0.716	0.657	0.754
0.717	0.658	0.753
0.718	0.659	0.753
0.719	0.659	0.752
0.720	0.660	0.751
0.721	0.661	0.751
0.722	0.662	0.750
0.723	0.662	0.749
0.724	0.663	0.749
0.725	0.664	0.748
0.726	0.665	0.748
0.727	0.665	0.747
0.728	0.666	0.746
0.729	0.667	0.746
0.730	0.668	0.745
0.731	0.668	0.744
0.732	0.669	0.744
0.733	0.670	0.743
0.734	0.671	0.742
0.735	0.671	0.741
0.736	0.672	0.741
0.737	0.673	0.740
0.738	0.674	0.739
0.739	0.674	0.739
0.740	0.675	0.738
0.741	0.676	0.737
0.742	0.677	0.737
0.743	0.677	0.736
0.744	0.678	0.735
0.745	0.679	0.735
0.746	0.679	0.734
0.747	0.680	0.733
0.748	0.681	0.733
0.749	0.682	0.732
0.750	0.682	0.731
0.751	0.683	0.731
0.752	0.684	0.730
0.753	0.685	0.729
0.754	0.685	0.729
0.755	0.686	0.728
0.756	0.687	0.727
0.757	0.687	0.727
0.758	0.688	0.726
0.759	0.689	0.725
0.760	0.690	0.724
0.761	0.690	0.724
0.762	0.691	0.723
0.763	0.692	0.722
0.764	0.693	0.722
0.765	0.693	0.721
0.766	0.694	0.720
0.767	0.695	0.720
0.768	0.695	0.719
0.769	0.696	0.718
0.770	0.697	0.718
0.771	0.698	0.717
0.772	0.698	0.716
0.773	0.699	0.715
0.774	0.700	0.715
0.775	0.700	0.714
0.776	0.701	0.713
0.777	0.702	0.713
0.778	0.703	0.712
0.779	0.703	0.711
0.780	0.704	0.711
0.781	0.705	0.710
0.782	0.705	0.709
0.783	0.706	0.708
0.784	0.707	0.708
0.785	0.708	0.707
0.786	0.708	0.706
0.787	0.709	0.706
0.788	0.710	0.705
0.789	0.710	0.704
0.790	0.711	0.703
0.791	0.712	0.703
0.792	0.712	0.702
0.793	0.713	0.701
0.794	0.714	0.701
0.795	0.715	0.700
0.796	0.715	0.699
0.797	0.716	0.698
0.798	0.717	0.698
0.799	0.717	0.697
0.800	0.718	0.696
0.801	0.719	0.696
0.802	0.719	0.695
0.803	0.720	0.694
0.804	0.721	0.693
0.805	0.722	0.693
0.806	0.722	0.692
0.807	0.723	0.691
0.808	0.724	0.691
0.809	0.724	0.690
0.810	0.725	0.689
0.811	0.726	0.688
0.812	0.726	0.688
0.813	0.727	0.687
0.814	0.728	0.686
0.815	0.728	0.686
0.816	0.729	0.685
0.817	0.730	0.684
0.818	0.730	0.683
0.819	0.731	0.683
0.820	0.732	0.682
0.821	0.733	0.681
0.822	0.733	0.680
0.823	0.734	0.680
0.824	0.735	0.679
0.825	0.735	0.678
0.826	0.736	0.677
0.827	0.737	0.677
0.828	0.737	0.676
0.829	0.738	0.675
0.830	0.739	0.675
0.831	0.739	0.674
0.832	0.740	0.673
0.833	0.741	0.672
0.834	0.741	0.672
0.835	0.742	0.671
0.836	0.743	0.670
0.837	0.743	0.669
0.838	0.744	0.669
0.839	0.745	0.668
0.840	0.745	0.667
0.841	0.746	0.666
0.842	0.747	0.666
0.843	0.747	0.665
0.844	0.748	0.664
0.845	0.749	0.663
0.846	0.749	0.663
0.847	0.750	0.662
0.848	0.751	0.661
0.849	0.751	0.660
0.850	0.752	0.660
0.851	0.753	0.659
0.852	0.753	0.658
0.853	0.754	0.657
0.854	0.755	0.657
0.855	0.755	0.656
0.856	0.756	0.655
0.857	0.757	0.654
0.858	0.757	0.654
0.859	0.758	0.653
0.860	0.758	0.652
0.861	0.759	0.651
0.862	0.760	0.651
0.863	0.760	0.650
0.864	0.761	0.649
0.865	0.762	0.648
0.866	0.762	0.647
0.867	0.763	0.647
0.868	0.764	0.646
0.869	0.764	0.645
0.870	0.765	0.644
0.871	0.766	0.644
0.872	0.766	0.643
0.873	0.767	0.642
0.874	0.768	0.641
0.875	0.768	0.641
0.876	0.769	0.640
0.877	0.769	0.639
0.878	0.770	0.638
0.879	0.771	0.638
0.880	0.771	0.637
0.881	0.772	0.636
0.882	0.773	0.635
0.883	0.773	0.634
0.884	0.774	0.634
0.885	0.775	0.633
0.886	0.775	0.632
0.887	0.776	0.631
0.888	0.776	0.631
0.889	0.777	0.630
0.890	0.778	0.629
0.891	0.778	0.628
0.892	0.779	0.627
0.893	0.780	0.627
0.894	0.780	0.626
0.895	0.781	0.625
0.896	0.781	0.624
0.897	0.782	0.624
0.898	0.783	0.623
0.899	0.783	0.622
0.900	0.784	0.621
0.901	0.785	0.620
0.902	0.785	0.620
0.903	0.786	0.619
0.904	0.786	0.618
0.905	0.787	0.617
0.906	0.788	0.617
0.907	0.788	0.616
0.908	0.789	0.615
0.909	0.790	0.614
0.910	0.790	0.613
0.911	0.791	0.613
0.912	0.791	0.612
0.913	0.792	0.611
0.914	0.793	0.610
0.915	0.793	0.609
0.916	0.794	0.609
0.917	0.794	0.608
0.918	0.795	0.607
0.919	0.796	0.606
0.920	0.796	0.605
0.921	0.797	0.605
0.922	0.797	0.604
0.923	0.798	0.603
0.924	0.799	0.602
0.925	0.799	0.601
0.926	0.800	0.601
0.927	0.800	0.600
0.928	0.801	0.599
0.929	0.802	0.598
0.930	0.802	0.597
0.931	0.803	0.597
0.932	0.803	0.596
0.933	0.804	0.595
0.934	0.805	0.594
0.935	0.805	0.593
0.936	0.806	0.593
0.937	0.806	0.592
0.938	0.807	0.591
0.939	0.808	0.590
0.940	0.808	0.589
0.941	0.809	0.589
0.942	0.809	0.588
0.943	0.810	0.587
0.944	0.810	0.586
0.945	0.811	0.585
0.946	0.812	0.585
0.947	0.812	0.584
0.948	0.813	0.583
0.949	0.813	0.582
0.950	0.814	0.581
0.951	0.815	0.580
0.952	0.815	0.580
0.953	0.816	0.579
0.954	0.816	0.578
0.955	0.817	0.577
0.956	0.817	0.576
0.957	0.818	0.576
0.958	0.819	0.575
0.959	0.819	0.574
0.960	0.820	0.573
0.961	0.820	0.572
0.962	0.821	0.571
0.963	0.821	0.571
0.964	0.822	0.570
0.965	0.823	0.569
0.966	0.823	0.568
0.967	0.824	0.567
0.968	0.824	0.567
0.969	0.825	0.566
0.970	0.825	0.565
0.971	0.826	0.564
0.972	0.827	0.563
0.973	0.827	0.562
0.974	0.828	0.562
0.975	0.828	0.561
0.976	0.829	0.560
0.977	0.829	0.559
0.978	0.830	0.558
0.979	0.830	0.557
0.980	0.831	0.557
0.981	0.832	0.556
0.982	0.832	0.555
0.983	0.833	0.554
0.984	0.833	0.553
0.985	0.834	0.552
0.986	0.834	0.552
0.987	0.835	0.551
0.988	0.835	0.550
0.989	0.836	0.549
0.990	0.837	0.548
0.991	0.837	0.547
0.992	0.838	0.547
0.993	0.838	0.546
0.994	0.839	0.545
0.995	0.839	0.544
0.996	0.840	0.543
0.997	0.840	0.542
0.998	0.841	0.542
0.999	0.841	0.541
1.000	0.842	0.540
1.001	0.843	0.539
1.002	0.843	0.538
1.003	0.844	0.537
1.004	0.844	0.537
1.005	0.845	0.536
1.006	0.845	0.535
1.007	0.846	0.534
1.008	0.846	0.533
1.009	0.847	0.532
1.010	0.847	0.531
1.011	0.848	0.531
1.012	0.848	0.530
1.013	0.849	0.529
1.014	0.849	0.528
1.015	0.850	0.527
1.016	0.851	0.526
1.017	0.851	0.525
1.018	0.852	0.525
1.019	0.852	0.524
1.020	0.853	0.523
1.021	0.853	0.522
1.022	0.854	0.521
1.023	0.854	0.520
1.024	0.855	0.520
1.025	0.855	0.519
1.026	0.856	0.518
1.027	0.856	0.517
1.028	0.857	0.516
1.029	0.857	0.515
1.030	0.858	0.514
1.031	0.858	0.514
1.032	0.859	0.513
1.033	0.859	0.512
1.034	0.860	0.511
1.035	0.860	0.510
1.036	0.861	0.509
1.037	0.861	0.508
1.038	0.862	0.508
1.039	0.862	0.507
1.040	0.863	0.506
1.041	0.863	0.505
1.042	0.864	0.504
1.043	0.864	0.503
1.044	0.865	0.502
1.045	0.865	0.501
1.046	0.866	0.501
1.047	0.866	0.500
1.048	0.867	0.499
1.049	0.867	0.498
1.050	0.868	0.497
1.051	0.868	0.496
1.052	0.869	0.495
1.053	0.869	0.495
1.054	0.870	0.494
1.055	0.870	0.493
1.056	0.871	0.492
1.057	0.871	0.491
1.058	0.872	0.490
1.059	0.872	0.489
1.060	0.873	0.488
1.061	0.873	0.488
1.062	0.874	0.487
1.063	0.874	0.486
1.064	0.875	0.485
1.065	0.875	0.484
1.066	0.876	0.483
1.067	0.876	0.482
1.068	0.877	0.481
1.069	0.877	0.481
1.070	0.878	0.480
1.071	0.878	0.479
1.072	0.879	0.478
1.073	0.879	0.477
1.074	0.880	0.476
1.075	0.880	0.475
1.076	0.881	0.474
1.077	0.881	0.474
1.078	0.881	0.473
1.079	0.882	0.472
1.080	0.882	0.471
1.081	0.883	0.470
1.082	0.883	0.469
1.083	0.884	0.468
1.084	0.884	0.467
1.085	0.885	0.466
1.086	0.885	0.466
1.087	0.886	0.465
1.088	0.886	0.464
1.089	0.887	0.463
1.090	0.887	0.462
1.091	0.888	0.461
1.092	0.888	0.460
1.093	0.888	0.459
1.094	0.889	0.458
1.095	0.889	0.458
1.096	0.890	0.457
1.097	0.890	0.456
1.098	0.891	0.455
1.099	0.891	0.454
1.100	0.892	0.453
1.101	0.892	0.452
1.102	0.893	0.451
1.103	0.893	0.450
1.104	0.893	0.450
1.105	0.894	0.449
1.106	0.894	0.448
1.107	0.895	0.447
1.108	0.895	0.446
1.109	0.896	0.445
1.110	0.896	0.444
1.111	0.897	0.443
1.112	0.897	0.442
1.113	0.897	0.442
1.114	0.898	0.441
1.115	0.898	0.440
1.116	0.899	0.439
1.117	0.899	0.438
1.118	0.900	0.437
1.119	0.900	0.436
1.120	0.901	0.435
1.121	0.901	0.434
1.122	0.901	0.433
1.123	0.902	0.433
1.124	0.902	0.432
1.125	0.903	0.431
1.126	0.903	0.430
1.127	0.904	0.429
1.128	0.904	0.428
1.129	0.904	0.427
1.130	0.905	0.426
1.131	0.905	0.425
1.132	0.906	0.424
1.133	0.906	0.423
1.134	0.907	0.423
1.135	0.907	0.422
1.136	0.907	0.421
1.137	0.908	0.420
1.138	0.908	0.419
1.139	0.909	0.418
1.140	0.909	0.417
1.141	0.909	0.416
1.142	0.910	0.415
1.143	0.910	0.414
1.144	0.911	0.414
1.145	0.911	0.413
1.146	0.912	0.412
1.147	0.912	0.411
1.148	0.912	0.410
1.149	0.913	0.409
1.150	0.913	0.408
1.151	0.914	0.407
1.152	0.914	0.406
1.153	0.914	0.405
1.154	0.915	0.404
1.155	0.915	0.403
1.156	0.916	0.403
1.157	0.916	0.402
1.158	0.916	0.401
1.159	0.917	0.400
1.160	0.917	0.399
1.161	0.918	0.398
1.162	0.918	0.397
1.163	0.918	0.396
1.164	0.919	0.395
1.165	0.919	0.394
1.166	0.920	0.393
1.167	0.920	0.392
1.168	0.920	0.392
1.169	0.921	0.391
1.170	0.921	0.390
1.171	0.922	0.389
1.172	0.922	0.388
1.173	0.922	0.387
1.174	0.923	0.386
1.175	0.923	0.385
1.176	0.923	0.384
1.177	0.924	0.383
1.178	0.924	0.382
1.179	0.925	0.381
1.180	0.925	0.380
1.181	0.925	0.380
1.182	0.926	0.379
1.183	0.926	0.378
1.184	0.926	0.377
1.185	0.927	0.376
1.186	0.927	0.375
1.187	0.928	0.374
1.188	0.928	0.373
1.189	0.928	0.372
1.190	0.929	0.371
1.191	0.929	0.370
1.192	0.929	0.369
1.193	0.930	0.368
1.194	0.930	0.367
1.195	0.931	0.367
1.196	0.931	0.366
1.197	0.931	0.365
1.198	0.932	0.364
1.199	0.932	0.363
1.200	0.932	0.362
1.201	0.933	0.361
1.202	0.933	0.360
1.203	0.933	0.359
1.204	0.934	0.358
1.205	0.934	0.357
1.206	0.935	0.356
1.207	0.935	0.355
1.208	0.935	0.354
1.209	0.936	0.353
1.210	0.936	0.353
1.211	0.936	0.352
1.212	0.937	0.351
1.213	0.937	0.350
1.214	0.937	0.349
1.215	0.938	0.348
1.216	0.938	0.347
1.217	0.938	0.346
1.218	0.939	0.345
1.219	0.939	0.344
1.220	0.939	0.343
1.221	0.940	0.342
1.222	0.940	0.341
1.223	0.940	0.340
1.224	0.941	0.339
1.225	0.941	0.338
1.226	0.941	0.338
1.227	0.942	0.337
1.228	0.942	0.336
1.229	0.942	0.335
1.230	0.943	0.334
1.231	0.943	0.333
1.232	0.943	0.332
1.233	0.944	0.331
1.234	0.944	0.330
1.235	0.944	0.329
1.236	0.945	0.328
1.237	0.945	0.327
1.238	0.945	0.326
1.239	0.946	0.325
1.240	0.946	0.324
1.241	0.946	0.323
1.242	0.947	0.322
1.243	0.947	0.321
1.244	0.947	0.321
1.245	0.948	0.320
1.246	0.948	0.319
1.247	0.948	0.318
1.248	0.949	0.317
1.249	0.949	0.316
1.250	0.949	0.315
1.251	0.950	0.314
1.252	0.950	0.313
1.253	0.950	0.312
1.254	0.951	0.311
1.255	0.951	0.310
1.256	0.951	0.309
1.257	0.951	0.308
1.258	0.952	0.307
1.259	0.952	0.306
1.260	0.952	0.305
1.261	0.953	0.304
1.262	0.953	0.303
1.263	0.953	0.302
1.264	0.954	0.302
1.265	0.954	0.301
1.266	0.954	0.300
1.267	0.955	0.299
1.268	0.955	0.298
1.269	0.955	0.297
1.270	0.955	0.296
1.271	0.956	0.295
1.272	0.956	0.294
1.273	0.956	0.293
1.274	0.957	0.292
1.275	0.957	0.291
1.276	0.957	0.290
1.277	0.957	0.289
1.278	0.958	0.288
1.279	0.958	0.287
1.280	0.958	0.286
1.281	0.959	0.285
1.282	0.959	0.284
1.283	0.959	0.283
1.284	0.959	0.282
1.285	0.960	0.281
1.286	0.960	0.280
1.287	0.960	0.280
1.288	0.961	0.279
1.289	0.961	0.278
1.290	0.961	0.277
1.291	0.961	0.276
1.292	0.962	0.275
1.293	0.962	0.274
1.294	0.962	0.273
1.295	0.962	0.272
1.296	0.963	0.271
1.297	0.963	0.270
1.298	0.963	0.269
1.299	0.964	0.268
1.300	0.964	0.267
1.301	0.964	0.266
1.302	0.964	0.265
1.303	0.965	0.264
1.304	0.965	0.263
1.305	0.965	0.262
1.306	0.965	0.261
1.307	0.966	0.260
1.308	0.966	0.259
1.309	0.966	0.258
1.310	0.966	0.257
1.311	0.967	0.256
1.312	0.967	0.255
1.313	0.967	0.254
1.314	0.967	0.253
1.315	0.968	0.253
1.316	0.968	0.252
1.317	0.968	0.251
1.318	0.968	0.250
1.319	0.969	0.249
1.320	0.969	0.248
1.321	0.969	0.247
1.322	0.969	0.246
1.323	0.970	0.245
1.324	0.970	0.244
1.325	0.970	0.243
1.326	0.970	0.242
1.327	0.971	0.241
1.328	0.971	0.240
1.329	0.971	0.239
1.330	0.971	0.238
1.331	0.972	0.237
1.332	0.972	0.236
1.333	0.972	0.235
1.334	0.972	0.234
1.335	0.973	0.233
1.336	0.973	0.232
1.337	0.973	0.231
1.338	0.973	0.230
1.339	0.973	0.229
1.340	0.974	0.228
1.341	0.974	0.227
1.342	0.974	0.226
1.343	0.974	0.225
1.344	0.975	0.224
1.345	0.975	0.223
1.346	0.975	0.222
1.347	0.975	0.221
1.348	0.976	0.220
1.349	0.976	0.219
1.350	0.976	0.219
1.351	0.976	0.218
1.352	0.976	0.217
1.353	0.977	0.216
1.354	0.977	0.215
1.355	0.977	0.214
1.356	0.977	0.213
1.357	0.977	0.212
1.358	0.978	0.211
1.359	0.978	0.210
1.360	0.978	0.209
1.361	0.978	0.208
1.362	0.978	0.207
1.363	0.979	0.206
1.364	0.979	0.205
1.365	0.979	0.204
1.366	0.979	0.203
1.367	0.980	0.202
1.368	0.980	0.201
1.369	0.980	0.200
1.370	0.980	0.199
1.371	0.980	0.198
1.372	0.981	0.197
1.373	0.981	0.196
1.374	0.981	0.195
1.375	0.981	0.194
1.376	0.981	0.193
1.377	0.981	0.192
1.378	0.982	0.191
1.379	0.982	0.190
1.380	0.982	0.189
1.381	0.982	0.188
1.382	0.982	0.187
1.383	0.983	0.186
1.384	0.983	0.185
1.385	0.983	0.184
1.386	0.983	0.183
1.387	0.983	0.182
1.388	0.984	0.181
1.389	0.984	0.180
1.390	0.984	0.179
1.391	0.984	0.178
1.392	0.984	0.177
1.393	0.984	0.176
1.394	0.985	0.175
1.395	0.985	0.174
1.396	0.985	0.173
1.397	0.985	0.172
1.398	0.985	0.171
1.399	0.985	0.170
1.400	0.986	0.169
1.401	0.986	0.168
1.402	0.986	0.168
1.403	0.986	0.167
1.404	0.986	0.166
1.405	0.986	0.165
1.406	0.987	0.164
1.407	0.987	0.163
1.408	0.987	0.162
1.409	0.987	0.161
1.410	0.987	0.160
1.411	0.987	0.159
1.412	0.988	0.158
1.413	0.988	0.157
1.414	0.988	0.156
1.415	0.988	0.155
1.416	0.988	0.154
1.417	0.988	0.153
1.418	0.989	0.152
1.419	0.989	0.151
1.420	0.989	0.150
1.421	0.989	0.149
1.422	0.989	0.148
1.423	0.989	0.147
1.424	0.989	0.146
1.425	0.990	0.145
1.426	0.990	0.144
1.427	0.990	0.143
1.428	0.990	0.142
1.429	0.990	0.141
1.430	0.990	0.140
1.431	0.990	0.139
1.432	0.991	0.138
1.433	0.991	0.137
1.434	0.991	0.136
1.435	0.991	0.135
1.436	0.991	0.134
1.437	0.991	0.133
1.438	0.991	0.132
1.439	0.991	0.131
1.440	0.992	0.130
1.441	0.992	0.129
1.442	0.992	0.128
1.443	0.992	0.127
1.444	0.992	0.126
1.445	0.992	0.125
1.446	0.992	0.124
1.447	0.992	0.123
1.448	0.993	0.122
1.449	0.993	0.121
1.450	0.993	0.120
1.451	0.993	0.119
1.452	0.993	0.118
1.453	0.993	0.117
1.454	0.993	0.116
1.455	0.993	0.115
1.456	0.994	0.114
1.457	0.994	0.113
1.458	0.994	0.112
1.459	0.994	0.111
1.460	0.994	0.110
1.461	0.994	0.109
1.462	0.994	0.108
1.463	0.994	0.107
1.464	0.994	0.106
1.465	0.995	0.105
1.466	0.995	0.104
1.467	0.995	0.103
1.468	0.995	0.102
1.469	0.995	0.101
1.470	0.995	0.100
1.471	0.995	0.099
1.472	0.995	0.098
1.473	0.995	0.097
1.474	0.995	0.096
1.475	0.996	0.095
1.476	0.996	0.094
1.477	0.996	0.093
1.478	0.996	0.092
1.479	0.996	0.091
1.480	0.996	0.090
1.481	0.996	0.089
1.482	0.996	0.088
1.483	0.996	0.087
1.484	0.996	0.086
1.485	0.996	0.085
1.486	0.996	0.084
1.487	0.997	0.083
1.488	0.997	0.082
1.489	0.997	0.081
1.490	0.997	0.080
1.491	0.997	0.079
1.492	0.997	0.078
1.493	0.997	0.077
1.494	0.997	0.076
1.495	0.997	0.075
1.496	0.997	0.074
1.497	0.997	0.073
1.498	0.997	0.072
1.499	0.997	0.071
1.500	0.998	0.070
1.501	0.998	0.069
1.502	0.998	0.068
1.503	0.998	0.067
1.504	0.998	0.066
1.505	0.998	0.065
1.506	0.998	0.064
1.507	0.998	0.063
1.508	0.998	0.062
1.509	0.998	0.061
1.510	0.998	0.060
1.511	0.998	0.059
1.512	0.998	0.058
1.513	0.998	0.057
1.514	0.998	0.056
1.515	0.998	0.055
1.516	0.999	0.054
1.517	0.999	0.053
1.518	0.999	0.052
1.519	0.999	0.051
1.520	0.999	0.050
1.521	0.999	0.049
1.522	0.999	0.048
1.523	0.999	0.047
1.524	0.999	0.046
1.525	0.999	0.045
1.526	0.999	0.044
1.527	0.999	0.043
1.528	0.999	0.042
1.529	0.999	0.041
1.530	0.999	0.040
1.531	0.999	0.039
1.532	0.999	0.038
1.533	0.999	0.037
1.534	0.999	0.036
1.535	0.999	0.035
1.536	0.999	0.034
1.537	0.999	0.033
1.538	0.999	0.032
1.539	1.000	0.031
1.540	1.000	0.030
1.541	1.000	0.029
1.542	1.000	0.028
1.543	1.000	0.027
1.544	1.000	0.026
1.545	1.000	0.025
1.546	1.000	0.024
1.547	1.000	0.023
1.548	1.000	0.022
1.549	1.000	0.021
1.550	1.000	0.020
1.551	1.000	0.019
1.552	1.000	0.018
1.553	1.000	0.017
1.554	1.000	0.016
1.555	1.000	0.015
1.556	1.000	0.014
1.557	1.000	0.013
1.558	1.000	0.012
1.559	1.000	0.011
1.560	1.000	0.010
1.561	1.000	0.009
1.562	1.000	0.008
1.563	1.000	0.007
1.564	1.000	0.006
1.565	1.000	0.005
1.566	1.000	0.004
1.567	1.000	0.003
1.568	1.000	0.002
1.569	1.000	0.001
1.570	1.000	0.000
1.571	1.000	-0.001
1.572	1.000	-0.002
1.573	1.000	-0.003
1.574	1.000	-0.004
1.575	1.000	-0.005
1.576	1.000	-0.006
1.577	1.000	-0.007
1.578	1.000	-0.008
1.579	1.000	-0.009
1.580	1.000	-0.010
1.581	1.000	-0.011
1.582	1.000	-0.012
1.583	1.000	-0.013
1.584	1.000	-0.014
1.585	1.000	-0.015
1.586	1.000	-0.016
1.587	1.000	-0.017
1.588	1.000	-0.018
1.589	1.000	-0.019
1.590	1.000	-0.020
1.591	1.000	-0.021
1.592	1.000	-0.022
1.593	1.000	-0.023
1.594	1.000	-0.024
1.595	1.000	-0.025
1.596	1.000	-0.026
1.597	1.000	-0.027
1.598	1.000	-0.028
1.599	1.000	-0.029
1.600	1.000	-0.030
1.601	1.000	-0.031
1.602	0.999	-0.032
1.603	0.999	-0.033
1.604	0.999	-0.034
1.605	0.999	-0.035
1.606	0.999	-0.036
1.607	0.999	-0.037
1.608	0.999	-0.038
1.609	0.999	-0.039
1.610	0.999	-0.040
1.611	0.999	-0.041
1.612	0.999	-0.042
1.613	0.999	-0.043
1.614	0.999	-0.044
1.615	0.999	-0.045
1.616	0.999	-0.046
1.617	0.999	-0.047
1.618	0.999	-0.048
1.619	0.999	-0.049
1.620	0.999	-0.050
1.621	0.999	-0.051
1.622	0.999	-0.052
1.623	0.999	-0.053
1.624	0.999	-0.054
1.625	0.998	-0.055
1.626	0.998	-0.056
1.627	0.998	-0.057
1.628	0.998	-0.058
1.629	0.998	-0.059
1.630	0.998	-0.060
1.631	0.998	-0.061
1.632	0.998	-0.062
1.633	0.998	-0.063
1.634	0.998	-0.064
1.635	0.998	-0.065
1.636	0.998	-0.066
1.637	0.998	-0.067
1.638	0.998	-0.068
1.639	0.998	-0.069
1.640	0.998	-0.070
1.641	0.997	-0.071
1.642	0.997	-0.072
1.643	0.997	-0.073
1.644	0.997	-0.074
1.645	0.997	-0.075
1.646	0.997	-0.076
1.647	0.997	-0.077
1.648	0.997	-0.078
1.649	0.997	-0.079
1.650	0.997	-0.080
1.651	0.997	-0.081
1.652	0.997	-0.082
1.653	0.997	-0.083
1.654	0.996	-0.084
1.655	0.996	-0.085
1.656	0.996	-0.086
1.657	0.996	-0.087
1.658	0.996	-0.088
1.659	0.996	-0.089
1.660	0.996	-0.090
1.661	0.996	-0.091
1.662	0.996	-0.092
1.663	0.996	-0.093
1.664	0.996	-0.094
1.665	0.995	-0.095
1.666	0.995	-0.096
1.667	0.995	-0.097
1.668	0.995	-0.098
1.669	0.995	-0.099
1.670	0.995	-0.100
1.671	0.995	-0.101
1.672	0.995	-0.102
1.673	0.995	-0.103
1.674	0.995	-0.104
1.675	0.994	-0.105
1.676	0.994	-0.106
1.677	0.994	-0.107
1.678	0.994	-0.107
1.679	0.994	-0.108
1.680	0.994	-0.109
1.681	0.994	-0.110
1.682	0.994	-0.111
1.683	0.994	-0.112
1.684	0.993	-0.113
1.685	0.993	-0.114
1.686	0.993	-0.115
1.687	0.993	-0.116
1.688	0.993	-0.117
1.689	0.993	-0.118
1.690	0.993	-0.119
1.691	0.993	-0.120
1.692	0.993	-0.121
1.693	0.992	-0.122
1.694	0.992	-0.123
1.695	0.992	-0.124
1.696	0.992	-0.125
1.697	0.992	-0.126
1.698	0.992	-0.127
1.699	0.992	-0.128
1.700	0.992	-0.129
1.701	0.991	-0.130
1.702	0.991	-0.131
1.703	0.991	-0.132
1.704	0.991	-0.133
1.705	0.991	-0.134
1.706	0.991	-0.135
1.707	0.991	-0.136
1.708	0.990	-0.137
1.709	0.990	-0.138
1.710	0.990	-0.139
1.711	0.990	-0.140
1.712	0.990	-0.141
1.713	0.990	-0.142
1.714	0.990	-0.143
1.715	0.989	-0.144
1.716	0.989	-0.145
1.717	0.989	-0.146
1.718	0.989	-0.147
1.719	0.989	-0.148
1.720	0.989	-0.149
1.721	0.989	-0.150
1.722	0.988	-0.151
1.723	0.988	-0.152
1.724	0.988	-0.153
1.725	0.988	-0.154
1.726	0.988	-0.155
1.727	0.988	-0.156
1.728	0.988	-0.157
1.729	0.987	-0.158
1.730	0.987	-0.159
1.731	0.987	-0.160
1.732	0.987	-0.161
1.733	0.987	-0.162
1.734	0.987	-0.163
1.735	0.986	-0.164
1.736	0.986	-0.165
1.737	0.986	-0.166
1.738	0.986	-0.167
1.739	0.986	-0.168
1.740	0.986	-0.169
1.741	0.985	-0.170
1.742	0.985	-0.171
1.743	0.985	-0.172
1.744	0.985	-0.173
1.745	0.985	-0.174
1.746	0.985	-0.175
1.747	0.984	-0.176
1.748	0.984	-0.177
1.749	0.984	-0.178
1.750	0.984	-0.179
1.751	0.984	-0.180
1.752	0.983	-0.181
1.753	0.983	-0.182
1.754	0.983	-0.183
1.755	0.983	-0.184
1.756	0.983	-0.185
1.757	0.983	-0.186
1.758	0.982	-0.187
1.759	0.982	-0.188
1.760	0.982	-0.189
1.761	0.982	-0.190
1.762	0.982	-0.191
1.763	0.981	-0.192
1.764	0.981	-0.192
1.765	0.981	-0.193
1.766	0.981	-0.194
1.767	0.981	-0.195
1.768	0.980	-0.196
1.769	0.980	-0.197
1.770	0.980	-0.198
1.771	0.980	-0.199
1.772	0.980	-0.200
1.773	0.979	-0.201
1.774	0.979	-0.202
1.775	0.979	-0.203
1.776	0.979	-0.204
1.777	0.979	-0.205
1.778	0.978	-0.206
1.779	0.978	-0.207
1.780	0.978	-0.208
1.781	0.978	-0.209
1.782	0.978	-0.210
1.783	0.977	-0.211
1.784	0.977	-0.212
1.785	0.977	-0.213
1.786	0.977	-0.214
1.787	0.977	-0.215
1.788	0.976	-0.216
1.789	0.976	-0.217
1.790	0.976	-0.218
1.791	0.976	-0.219
1.792	0.975	-0.220
1.793	0.975	-0.221
1.794	0.975	-0.222
1.795	0.975	-0.223
1.796	0.975	-0.224
1.797	0.974	-0.225
1.798	0.974	-0.226
1.799	0.974	-0.227
1.800	0.974	-0.228
1.801	0.973	-0.229
1.802	0.973	-0.230
1.803	0.973	-0.231
1.804	0.973	-0.232
1.805	0.972	-0.233
1.806	0.972	-0.234
1.807	0.972	-0.234
1.808	0.972	-0.235
1.809	0.972	-0.236
1.810	0.971	-0.237
1.811	0.971	-0.238
1.812	0.971	-0.239
1.813	0.971	-0.240
1.814	0.970	-0.241
1.815	0.970	-0.242
1.816	0.970	-0.243
1.817	0.970	-0.244
1.818	0.969	-0.245
1.819	0.969	-0.246
1.820	0.969	-0.247
1.821	0.969	-0.248
1.822	0.968	-0.249
1.823	0.968	-0.250
1.824	0.968	-0.251
1.825	0.968	-0.252
1.826	0.967	-0.253
1.827	0.967	-0.254
1.828	0.967	-0.255
1.829	0.967	-0.256
1.830	0.966	-0.257
1.831	0.966	-0.258
1.832	0.966	-0.259
1.833	0.966	-0.260
1.834	0.965	-0.261
1.835	0.965	-0.262
1.836	0.965	-0.263
1.837	0.965	-0.264
1.838	0.964	-0.265
1.839	0.964	-0.265
1.840	0.964	-0.266
1.841	0.963	-0.267
1.842	0.963	-0.268
1.843	0.963	-0.269
1.844	0.963	-0.270
1.845	0.962	-0.271
1.846	0.962	-0.272
1.847	0.962	-0.273
1.848	0.962	-0.274
1.849	0.961	-0.275
1.850	0.961	-0.276
1.851	0.961	-0.277
1.852	0.960	-0.278
1.853	0.960	-0.279
1.854	0.960	-0.280
1.855	0.960	-0.281
1.856	0.959	-0.282
1.857	0.959	-0.283
1.858	0.959	-0.284
1.859	0.958	-0.285
1.860	0.958	-0.286
1.861	0.958	-0.287
1.862	0.958	-0.288
1.863	0.957	-0.289
1.864	0.957	-0.289
1.865	0.957	-0.290
1.866	0.956	-0.291
1.867	0.956	-0.292
1.868	0.956	-0.293
1.869	0.956	-0.294
1.870	0.955	-0.295
1.871	0.955	-0.296
1.872	0.955	-0.297
1.873	0.954	-0.298
1.874	0.954	-0.299
1.875	0.954	-0.300
1.876	0.953	-0.301
1.877	0.953	-0.302
1.878	0.953	-0.303
1.879	0.953	-0.304
1.880	0.952	-0.305
1.881	0.952	-0.306
1.882	0.952	-0.307
1.883	0.951	-0.308
1.884	0.951	-0.309
1.885	0.951	-0.310
1.886	0.950	-0.310
1.887	0.950	-0.311
1.888	0.950	-0.312
1.889	0.949	-0.313
1.890	0.949	-0.314
1.891	0.949	-0.315
1.892	0.949	-0.316
1.893	0.948	-0.317
1.894	0.948	-0.318
1.895	0.948	-0.319
1.896	0.947	-0.320
1.897	0.947	-0.321
1.898	0.947	-0.322
1.899	0.946	-0.323
1.900	0.946	-0.324
1.901	0.946	-0.325
1.902	0.945	-0.326
1.903	0.945	-0.327
1.904	0.945	-0.328
1.905	0.944	-0.328
1.906	0.944	-0.329
1.907	0.944	-0.330
1.908	0.943	-0.331
1.909	0.943	-0.332
1.910	0.943	-0.333
1.911	0.942	-0.334
1.912	0.942	-0.335
1.913	0.942	-0.336
1.914	0.941	-0.337
1.915	0.941	-0.338
1.916	0.941	-0.339
1.917	0.940	-0.340
1.918	0.940	-0.341
1.919	0.940	-0.342
1.920	0.939	-0.343
1.921	0.939	-0.344
1.922	0.939	-0.344
1.923	0.938	-0.345
1.924	0.938	-0.346
1.925	0.938	-0.347
1.926	0.937	-0.348
1.927	0.937	-0.349
1.928	0.937	-0.350
1.929	0.936	-0.351
1.930	0.936	-0.352
1.931	0.935	-0.353
1.932	0.935	-0.354
1.933	0.935	-0.355
1.934	0.934	-0.356
1.935	0.934	-0.357
1.936	0.934	-0.358
1.937	0.933	-0.359
1.938	0.933	-0.359
1.939	0.933	-0.360
1.940	0.932	-0.361
1.941	0.932	-0.362
1.942	0.932	-0.363
1.943	0.931	-0.364
1.944	0.931	-0.365
1.945	0.930	-0.366
1.946	0.930	-0.367
1.947	0.930	-0.368
1.948	0.929	-0.369
1.949	0.929	-0.370
1.950	0.929	-0.371
1.951	0.928	-0.372
1.952	0.928	-0.373
1.953	0.927	-0.373
1.954	0.927	-0.374
1.955	0.927	-0.375
1.956	0.926	-0.376
1.957	0.926	-0.377
1.958	0.926	-0.378
1.959	0.925	-0.379
1.960	0.925	-0.380
1.961	0.924	-0.381
1.962	0.924	-0.382
1.963	0.924	-0.383
1.964	0.923	-0.384
1.965	0.923	-0.385
1.966	0.923	-0.385
1.967	0.922	-0.386
1.968	0.922	-0.387
1.969	0.921	-0.388
1.970	0.921	-0.389
1.971	0.921	-0.390
1.972	0.920	-0.391
1.973	0.920	-0.392
1.974	0.919	-0.393
1.975	0.919	-0.394
1.976	0.919	-0.395
1.977	0.918	-0.396
1.978	0.918	-0.397
1.979	0.917	-0.397
1.980	0.917	-0.398
1.981	0.917	-0.399
1.982	0.916	-0.400
1.983	0.916	-0.401
1.984	0.915	-0.402
1.985	0.915	-0.403
1.986	0.915	-0.404
1.987	0.914	-0.405
1.988	0.914	-0.406
1.989	0.913	-0.407
1.990	0.913	-0.407
1.991	0.913	-0.408
1.992	0.912	-0.409
1.993	0.912	-0.410
1.994	0.911	-0.411
1.995	0.911	-0.412
1.996	0.911	-0.413
1.997	0.910	-0.414
1.998	0.910	-0.415
1.999	0.909	-0.416
2.000	0.909	-0.417
2.001	0.908	-0.418
2.002	0.908	-0.418
2.003	0.908	-0.419
2.004	0.907	-0.420
2.005	0.907	-0.421
2.006	0.906	-0.422
2.007	0.906	-0.423
2.008	0.906	-0.424
2.009	0.905	-0.425
2.010	0.905	-0.426
2.011	0.904	-0.427
2.012	0.904	-0.427
2.013	0.903	-0.428
2.014	0.903	-0.429
2.015	0.903	-0.430
2.016	0.902	-0.431
2.017	0.902	-0.432
2.018	0.901	-0.433
2.019	0.901	-0.434
2.020	0.900	-0.435
2.021	0.900	-0.436
2.022	0.899	-0.436
2.023	0.899	-0.437
2.024	0.899	-0.438
2.025	0.898	-0.439
2.026	0.898	-0.440
2.027	0.897	-0.441
2.028	0.897	-0.442
2.029	0.896	-0.443
2.030	0.896	-0.444
2.031	0.896	-0.445
2.032	0.895	-0.445
2.033	0.895	-0.446
2.034	0.894	-0.447
2.035	0.894	-0.448
2.036	0.893	-0.449
2.037	0.893	-0.450
2.038	0.892	-0.451
2.039	0.892	-0.452
2.040	0.891	-0.453
2.041	0.891	-0.454
2.042	0.891	-0.454
2.043	0.890	-0.455
2.044	0.890	-0.456
2.045	0.889	-0.457
2.046	0.889	-0.458
2.047	0.888	-0.459
2.048	0.888	-0.460
2.049	0.887	-0.461
2.050	0.887	-0.462
2.051	0.886	-0.462
2.052	0.886	-0.463
2.053	0.886	-0.464
2.054	0.885	-0.465
2.055	0.885	-0.466
2.056	0.884	-0.467
2.057	0.884	-0.468
2.058	0.883	-0.469
2.059	0.883	-0.469
2.060	0.882	-0.470
2.061	0.882	-0.471
2.062	0.881	-0.472
2.063	0.881	-0.473
2.064	0.880	-0.474
2.065	0.880	-0.475
2.066	0.879	-0.476
2.067	0.879	-0.477
2.068	0.878	-0.477
2.069	0.878	-0.478
2.070	0.877	-0.479
2.071	0.877	-0.480
2.072	0.877	-0.481
2.073	0.876	-0.482
2.074	0.876	-0.483
2.075	0.875	-0.484
2.076	0.875	-0.484
2.077	0.874	-0.485
2.078	0.874	-0.486
2.079	0.873	-0.487
2.080	0.873	-0.488
2.081	0.872	-0.489
2.082	0.872	-0.490
2.083	0.871	-0.491
2.084	0.871	-0.491
2.085	0.870	-0.492
2.086	0.870	-0.493
2.087	0.869	-0.494
2.088	0.869	-0.495
2.089	0.868	-0.496
2.090	0.868	-0.497
2.091	0.867	-0.497
2.092	0.867	-0.498
2.093	0.866	-0.499
2.094	0.866	-0.500
2.095	0.865	-0.501
2.096	0.865	-0.502
2.097	0.864	-0.503
2.098	0.864	-0.504
2.099	0.863	-0.504
2.100	0.863	-0.505
2.101	0.862	-0.506
2.102	0.862	-0.507
2.103	0.861	-0.508
2.104	0.861	-0.509
2.105	0.860	-0.510
2.106	0.860	-0.510
2.107	0.859	-0.511
2.108	0.859	-0.512
2.109	0.858	-0.513
2.110	0.858	-0.514
2.111	0.857	-0.515
2.112	0.857	-0.516
2.113	0.856	-0.516
2.114	0.856	-0.517
2.115	0.855	-0.518
2.116	0.855	-0.519
2.117	0.854	-0.520
2.118	0.853	-0.521
2.119	0.853	-0.522
2.120	0.852	-0.522
2.121	0.852	-0.523
2.122	0.851	-0.524
2.123	0.851	-0.525
2.124	0.850	-0.526
2.125	0.850	-0.527
2.126	0.849	-0.528
2.127	0.849	-0.528
2.128	0.848	-0.529
2.129	0.848	-0.530
2.130	0.847	-0.531
2.131	0.847	-0.532
2.132	0.846	-0.533
2.133	0.846	-0.533
2.134	0.845	-0.534
2.135	0.844	-0.535
2.136	0.844	-0.536
2.137	0.843	-0.537
2.138	0.843	-0.538
2.139	0.842	-0.539
2.140	0.842	-0.539
2.141	0.841	-0.540
2.142	0.841	-0.541
2.143	0.840	-0.542
2.144	0.840	-0.543
2.145	0.839	-0.544
2.146	0.839	-0.544
2.147	0.838	-0.545
2.148	0.837	-0.546
2.149	0.837	-0.547
2.150	0.836	-0.548
2.151	0.836	-0.549
2.152	0.835	-0.549
2.153	0.835	-0.550
2.154	0.834	-0.551
2.155	0.834	-0.552
2.156	0.833	-0.553
2.157	0.832	-0.554
2.158	0.832	-0.554
2.159	0.831	-0.555
2.160	0.831	-0.556
2.161	0.830	-0.557
2.162	0.830	-0.558
2.163	0.829	-0.559
2.164	0.829	-0.559
2.165	0.828	-0.560
2.166	0.827	-0.561
2.167	0.827	-0.562
2.168	0.826	-0.563
2.169	0.826	-0.564
2.170	0.825	-0.564
2.171	0.825	-0.565
2.172	0.824	-0.566
2.173	0.824	-0.567
2.174	0.823	-0.568
2.175	0.822	-0.569
2.176	0.822	-0.569
2.177	0.821	-0.570
2.178	0.821	-0.571
2.179	0.820	-0.572
2.180	0.820	-0.573
2.181	0.819	-0.573
2.182	0.818	-0.574
2.183	0.818	-0.575
2.184	0.817	-0.576
2.185	0.817	-0.577
2.186	0.816	-0.578
2.187	0.816	-0.578
2.188	0.815	-0.579
2.189	0.814	-0.580
2.190	0.814	-0.581
2.191	0.813	-0.582
2.192	0.813	-0.582
2.193	0.812	-0.583
2.194	0.811	-0.584
2.195	0.811	-0.585
2.196	0.810	-0.586
2.197	0.810	-0.586
2.198	0.809	-0.587
2.199	0.808	-0.588
2.200	0.808	-0.589
2.201	0.807	-0.590
2.202	0.807	-0.591
2.203	0.806	-0.591
2.204	0.806	-0.592
2.205	0.805	-0.593
2.206	0.804	-0.594
2.207	0.804	-0.595
2.208	0.803	-0.595
2.209	0.803	-0.596
2.210	0.802	-0.597
2.211	0.801	-0.598
2.212	0.801	-0.599
2.213	0.800	-0.599
2.214	0.800	-0.600
2.215	0.799	-0.601
2.216	0.798	-0.602
2.217	0.798	-0.603
2.218	0.797	-0.603
2.219	0.797	-0.604
2.220	0.796	-0.605
2.221	0.795	-0.606
2.222	0.795	-0.607
2.223	0.794	-0.607
2.224	0.794	-0.608
2.225	0.793	-0.609
2.226	0.792	-0.610
2.227	0.792	-0.611
2.228	0.791	-0.611
2.229	0.790	-0.612
2.230	0.790	-0.613
2.231	0.789	-0.614
2.232	0.789	-0.614
2.233	0.788	-0.615
2.234	0.787	-0.616
2.235	0.787	-0.617
2.236	0.786	-0.618
2.237	0.786	-0.618
2.238	0.785	-0.619
2.239	0.784	-0.620
2.240	0.784	-0.621
2.241	0.783	-0.622
2.242	0.782	-0.622
2.243	0.782	-0.623
2.244	0.781	-0.624
2.245	0.781	-0.625
2.246	0.780	-0.625
2.247	0.779	-0.626
2.248	0.779	-0.627
2.249	0.778	-0.628
2.250	0.777	-0.629
2.251	0.777	-0.629
2.252	0.776	-0.630
2.253	0.776	-0.631
2.254	0.775	-0.632
2.255	0.774	-0.632
2.256	0.774	-0.633
2.257	0.773	-0.634
2.258	0.772	-0.635
2.259	0.772	-0.636
2.260	0.771	-0.636
2.261	0.770	-0.637
2.262	0.770	-0.638
2.263	0.769	-0.639
2.264	0.769	-0.639
2.265	0.768	-0.640
2.266	0.767	-0.641
2.267	0.767	-0.642
2.268	0.766	-0.642
2.269	0.765	-0.643
2.270	0.765	-0.644
2.271	0.764	-0.645
2.272	0.763	-0.646
2.273	0.763	-0.646
2.274	0.762	-0.647
2.275	0.761	-0.648
2.276	0.761	-0.649
2.277	0.760	-0.649
2.278	0.760	-0.650
2.279	0.759	-0.651
2.280	0.758	-0.652
2.281	0.758	-0.652
2.282	0.757	-0.653
2.283	0.756	-0.654
2.284	0.756	-0.655
2.285	0.755	-0.655
2.286	0.754	-0.656
2.287	0.754	-0.657
2.288	0.753	-0.658
2.289	0.752	-0.658
2.290	0.752	-0.659
2.291	0.751	-0.660
2.292	0.750	-0.661
2.293	0.750	-0.661
2.294	0.749	-0.662
2.295	0.748	-0.663
2.296	0.748	-0.664
2.297	0.747	-0.664
2.298	0.746	-0.665
2.299	0.746	-0.666
2.300	0.745	-0.667
2.301	0.744	-0.667
2.302	0.744	-0.668
2.303	0.743	-0.669
2.304	0.742	-0.670
2.305	0.742	-0.670
2.306	0.741	-0.671
2.307	0.740	-0.672
2.308	0.740	-0.673
2.309	0.739	-0.673
2.310	0.738	-0.674
2.311	0.738	-0.675
2.312	0.737	-0.676
2.313	0.736	-0.676
2.314	0.736	-0.677
2.315	0.735	-0.678
2.316	0.734	-0.678
2.317	0.734	-0.679
2.318	0.733	-0.680
2.319	0.732	-0.681
2.320	0.732	-0.681
2.321	0.731	-0.682
2.322	0.730	-0.683
2.323	0.730	-0.684
2.324	0.729	-0.684
2.325	0.728	-0.685
2.326	0.727	-0.686
2.327	0.727	-0.687
2.328	0.726	-0.687
2.329	0.725	-0.688
2.330	0.725	-0.689
2.331	0.724	-0.689
2.332	0.723	-0.690
2.333	0.723	-0.691
2.334	0.722	-0.692
2.335	0.721	-0.692
2.336	0.721	-0.693
2.337	0.720	-0.694
2.338	0.719	-0.694
2.339	0.718	-0.695
2.340	0.718	-0.696
2.341	0.717	-0.697
2.342	0.716	-0.697
2.343	0.716	-0.698
2.344	0.715	-0.699
2.345	0.714	-0.700
2.346	0.714	-0.700
2.347	0.713	-0.701
2.348	0.712	-0.702
2.349	0.711	-0.702
2.350	0.711	-0.703
2.351	0.710	-0.704
2.352	0.709	-0.704
2.353	0.709	-0.705
2.354	0.708	-0.706
2.355	0.707	-0.707
2.356	0.707	-0.707
2.357	0.706	-0.708
2.358	0.705	-0.709
2.359	0.704	-0.709
2.360	0.704	-0.710
2.361	0.703	-0.711
2.362	0.702	-0.712
2.363	0.702	-0.712
2.364	0.701	-0.713
2.365	0.700	-0.714
2.366	0.699	-0.714
2.367	0.699	-0.715
2.368	0.698	-0.716
2.369	0.697	-0.716
2.370	0.697	-0.717
2.371	0.696	-0.718
2.372	0.695	-0.719
2.373	0.694	-0.719
2.374	0.694	-0.720
2.375	0.693	-0.721
2.376	0.692	-0.721
2.377	0.692	-0.722
2.378	0.691	-0.723
2.379	0.690	-0.723
2.380	0.689	-0.724
2.381	0.689	-0.725
2.382	0.688	-0.725
2.383	0.687	-0.726
2.384	0.686	-0.727
2.385	0.686	-0.728
2.386	0.685	-0.728
2.387	0.684	-0.729
2.388	0.684	-0.730
2.389	0.683	-0.730
2.390	0.682	-0.731
2.391	0.681	-0.732
2.392	0.681	-0.732
2.393	0.680	-0.733
2.394	0.679	-0.734
2.395	0.678	-0.734
2.396	0.678	-0.735
2.397	0.677	-0.736
2.398	0.676	-0.736
2.399	0.675	-0.737
2.400	0.675	-0.738
2.401	0.674	-0.738
2.402	0.673	-0.739
2.403	0.673	-0.740
2.404	0.672	-0.740
2.405	0.671	-0.741
2.406	0.670	-0.742
2.407	0.670	-0.742
2.408	0.669	-0.743
2.409	0.668	-0.744
2.410	0.667	-0.744
2.411	0.667	-0.745
2.412	0.666	-0.746
2.413	0.665	-0.746
2.414	0.664	-0.747
2.415	0.664	-0.748
2.416	0.663	-0.748
2.417	0.662	-0.749
2.418	0.661	-0.750
2.419	0.661	-0.750
2.420	0.660	-0.751
2.421	0.659	-0.752
2.422	0.658	-0.752
2.423	0.658	-0.753
2.424	0.657	-0.754
2.425	0.656	-0.754
2.426	0.655	-0.755
2.427	0.655	-0.756
2.428	0.654	-0.756
2.429	0.653	-0.757
2.430	0.652	-0.758
2.431	0.652	-0.758
2.432	0.651	-0.759
2.433	0.650	-0.760
2.434	0.649	-0.760
2.435	0.648	-0.761
2.436	0.648	-0.762
2.437	0.647	-0.762
2.438	0.646	-0.763
2.439	0.645	-0.763
2.440	0.645	-0.764
2.441	0.644	-0.765
2.442	0.643	-0.765
2.443	0.642	-0.766
2.444	0.642	-0.767
2.445	0.641	-0.767
2.446	0.640	-0.768
2.447	0.639	-0.769
2.448	0.639	-0.769
2.449	0.638	-0.770
2.450	0.637	-0.771
2.451	0.636	-0.771
2.452	0.635	-0.772
2.453	0.635	-0.772
2.454	0.634	-0.773
2.455	0.633	-0.774
2.456	0.632	-0.774
2.457	0.632	-0.775
2.458	0.631	-0.776
2.459	0.630	-0.776
2.460	0.629	-0.777
2.461	0.628	-0.778
2.462	0.628	-0.778
2.463	0.627	-0.779
2.464	0.626	-0.779
2.465	0.625	-0.780
2.466	0.625	-0.781
2.467	0.624	-0.781
2.468	0.623	-0.782
2.469	0.622	-0.783
2.470	0.621	-0.783
2.471	0.621	-0.784
2.472	0.620	-0.784
2.473	0.619	-0.785
2.474	0.618	-0.786
2.475	0.618	-0.786
2.476	0.617	-0.787
2.477	0.616	-0.787
2.478	0.615	-0.788
2.479	0.614	-0.789
2.480	0.614	-0.789
2.481	0.613	-0.790
2.482	0.612	-0.791
2.483	0.611	-0.791
2.484	0.610	-0.792
2.485	0.610	-0.792
2.486	0.609	-0.793
2.487	0.608	-0.794
2.488	0.607	-0.794
2.489	0.606	-0.795
2.490	0.606	-0.795
2.491	0.605	-0.796
2.492	0.604	-0.797
2.493	0.603	-0.797
2.494	0.602	-0.798
2.495	0.602	-0.798
2.496	0.601	-0.799
2.497	0.600	-0.800
2.498	0.599	-0.800
2.499	0.598	-0.801
2.500	0.598	-0.801
2.501	0.597	-0.802
2.502	0.596	-0.803
2.503	0.595	-0.803
2.504	0.594	-0.804
2.505	0.594	-0.804
2.506	0.593	-0.805
2.507	0.592	-0.806
2.508	0.591	-0.806
2.509	0.590	-0.807
2.510	0.590	-0.807
2.511	0.589	-0.808
2.512	0.588	-0.809
2.513	0.587	-0.809
2.514	0.586	-0.810
2.515	0.586	-0.810
2.516	0.585	-0.811
2.517	0.584	-0.811
2.518	0.583	-0.812
2.519	0.582	-0.813
2.520	0.582	-0.813
2.521	0.581	-0.814
2.522	0.580	-0.814
2.523	0.579	-0.815
2.524	0.578	-0.816
2.525	0.577	-0.816
2.526	0.577	-0.817
2.527	0.576	-0.817
2.528	0.575	-0.818
2.529	0.574	-0.818
2.530	0.573	-0.819
2.531	0.573	-0.820
2.532	0.572	-0.820
2.533	0.571	-0.821
2.534	0.570	-0.821
2.535	0.569	-0.822
2.536	0.568	-0.822
2.537	0.568	-0.823
2.538	0.567	-0.824
2.539	0.566	-0.824
2.540	0.565	-0.825
2.541	0.564	-0.825
2.542	0.563	-0.826
2.543	0.563	-0.826
2.544	0.562	-0.827
2.545	0.561	-0.828
2.546	0.560	-0.828
2.547	0.559	-0.829
2.548	0.559	-0.829
2.549	0.558	-0.830
2.550	0.557	-0.830
2.551	0.556	-0.831
2.552	0.555	-0.831
2.553	0.554	-0.832
2.554	0.554	-0.833
2.555	0.553	-0.833
2.556	0.552	-0.834
2.557	0.551	-0.834
2.558	0.550	-0.835
2.559	0.549	-0.835
2.560	0.549	-0.836
2.561	0.548	-0.836
2.562	0.547	-0.837
2.563	0.546	-0.838
2.564	0.545	-0.838
2.565	0.544	-0.839
2.566	0.543	-0.839
2.567	0.543	-0.840
2.568	0.542	-0.840
2.569	0.541	-0.841
2.570	0.540	-0.841
2.571	0.539	-0.842
2.572	0.538	-0.842
2.573	0.538	-0.843
2.574	0.537	-0.843
2.575	0.536	-0.844
2.576	0.535	-0.845
2.577	0.534	-0.845
2.578	0.533	-0.846
2.579	0.533	-0.846
2.580	0.532	-0.847
2.581	0.531	-0.847
2.582	0.530	-0.848
2.583	0.529	-0.848
2.584	0.528	-0.849
2.585	0.527	-0.849
2.586	0.527	-0.850
2.587	0.526	-0.850
2.588	0.525	-0.851
2.589	0.524	-0.851
2.590	0.523	-0.852
2.591	0.522	-0.852
2.592	0.521	-0.853
2.593	0.521	-0.854
2.594	0.520	-0.854
2.595	0.519	-0.855
2.596	0.518	-0.855
2.597	0.517	-0.856
2.598	0.516	-0.856
2.599	0.516	-0.857
2.600	0.515	-0.857
2.601	0.514	-0.858
2.602	0.513	-0.858
2.603	0.512	-0.859
2.604	0.511	-0.859
2.605	0.510	-0.860
2.606	0.509	-0.860
2.607	0.509	-0.861
2.608	0.508	-0.861
2.609	0.507	-0.862
2.610	0.506	-0.862
2.611	0.505	-0.863
2.612	0.504	-0.863
2.613	0.503	-0.864
2.614	0.503	-0.864
2.615	0.502	-0.865
2.616	0.501	-0.865
2.617	0.500	-0.866
2.618	0.499	-0.866
2.619	0.498	-0.867
2.620	0.497	-0.867
2.621	0.497	-0.868
2.622	0.496	-0.868
2.623	0.495	-0.869
2.624	0.494	-0.869
2.625	0.493	-0.870
2.626	0.492	-0.870
2.627	0.491	-0.871
2.628	0.490	-0.871
2.629	0.490	-0.872
2.630	0.489	-0.872
2.631	0.488	-0.873
2.632	0.487	-0.873
2.633	0.486	-0.874
2.634	0.485	-0.874
2.635	0.484	-0.875
2.636	0.483	-0.875
2.637	0.483	-0.876
2.638	0.482	-0.876
2.639	0.481	-0.877
2.640	0.480	-0.877
2.641	0.479	-0.878
2.642	0.478	-0.878
2.643	0.477	-0.878
2.644	0.476	-0.879
2.645	0.476	-0.879
2.646	0.475	-0.880
2.647	0.474	-0.880
2.648	0.473	-0.881
2.649	0.472	-0.881
2.650	0.471	-0.882
2.651	0.470	-0.882
2.652	0.469	-0.883
2.653	0.469	-0.883
2.654	0.468	-0.884
2.655	0.467	-0.884
2.656	0.466	-0.885
2.657	0.465	-0.885
2.658	0.464	-0.886
2.659	0.463	-0.886
2.660	0.462	-0.886
2.661	0.461	-0.887
2.662	0.461	-0.887
2.663	0.460	-0.888
2.664	0.459	-0.888
2.665	0.458	-0.889
2.666	0.457	-0.889
2.667	0.456	-0.890
2.668	0.455	-0.890
2.669	0.454	-0.891
2.670	0.453	-0.891
2.671	0.453	-0.892
2.672	0.452	-0.892
2.673	0.451	-0.892
2.674	0.450	-0.893
2.675	0.449	-0.893
2.676	0.448	-0.894
2.677	0.447	-0.894
2.678	0.446	-0.895
2.679	0.445	-0.895
2.680	0.444	-0.896
2.681	0.444	-0.896
2.682	0.443	-0.896
2.683	0.442	-0.897
2.684	0.441	-0.897
2.685	0.440	-0.898
2.686	0.439	-0.898
2.687	0.438	-0.899
2.688	0.437	-0.899
2.689	0.436	-0.900
2.690	0.435	-0.900
2.691	0.435	-0.900
2.692	0.434	-0.901
2.693	0.433	-0.901
2.694	0.432	-0.902
2.695	0.431	-0.902
2.696	0.430	-0.903
2.697	0.429	-0.903
2.698	0.428	-0.903
2.699	0.427	-0.904
2.700	0.426	-0.904
2.701	0.426	-0.905
2.702	0.425	-0.905
2.703	0.424	-0.906
2.704	0.423	-0.906
2.705	0.422	-0.906
2.706	0.421	-0.907
2.707	0.420	-0.907
2.708	0.419	-0.908
2.709	0.418	-0.908
2.710	0.417	-0.909
2.711	0.417	-0.909
2.712	0.416	-0.909
2.713	0.415	-0.910
2.714	0.414	-0.910
2.715	0.413	-0.911
2.716	0.412	-0.911
2.717	0.411	-0.911
2.718	0.410	-0.912
2.719	0.409	-0.912
2.720	0.408	-0.913
2.721	0.407	-0.913
2.722	0.406	-0.913
2.723	0.406	-0.914
2.724	0.405	-0.914
2.725	0.404	-0.915
2.726	0.403	-0.915
2.727	0.402	-0.915
2.728	0.401	-0.916
2.729	0.400	-0.916
2.730	0.399	-0.917
2.731	0.398	-0.917
2.732	0.397	-0.917
2.733	0.396	-0.918
2.734	0.395	-0.918
2.735	0.395	-0.919
2.736	0.394	-0.919
2.737	0.393	-0.919
2.738	0.392	-0.920
2.739	0.391	-0.920
2.740	0.390	-0.921
2.741	0.389	-0.921
2.742	0.388	-0.921
2.743	0.387	-0.922
2.744	0.386	-0.922
2.745	0.385	-0.923
2.746	0.384	-0.923
2.747	0.384	-0.923
2.748	0.383	-0.924
2.749	0.382	-0.924
2.750	0.381	-0.924
2.751	0.380	-0.925
2.752	0.379	-0.925
2.753	0.378	-0.926
2.754	0.377	-0.926
2.755	0.376	-0.926
2.756	0.375	-0.927
2.757	0.374	-0.927
2.758	0.373	-0.928
2.759	0.372	-0.928
2.760	0.371	-0.928
2.761	0.371	-0.929
2.762	0.370	-0.929
2.763	0.369	-0.929
2.764	0.368	-0.930
2.765	0.367	-0.930
2.766	0.366	-0.930
2.767	0.365	-0.931
2.768	0.364	-0.931
2.769	0.363	-0.932
2.770	0.362	-0.932
2.771	0.361	-0.932
2.772	0.360	-0.933
2.773	0.359	-0.933
2.774	0.358	-0.933
2.775	0.358	-0.934
2.776	0.357	-0.934
2.777	0.356	-0.934
2.778	0.355	-0.935
2.779	0.354	-0.935
2.780	0.353	-0.936
2.781	0.352	-0.936
2.782	0.351	-0.936
2.783	0.350	-0.937
2.784	0.349	-0.937
2.785	0.348	-0.937
2.786	0.347	-0.938
2.787	0.346	-0.938
2.788	0.345	-0.938
2.789	0.344	-0.939
2.790	0.343	-0.939
2.791	0.343	-0.939
2.792	0.342	-0.940
2.793	0.341	-0.940
2.794	0.340	-0.940
2.795	0.339	-0.941
2.796	0.338	-0.941
2.797	0.337	-0.941
2.798	0.336	-0.942
2.799	0.335	-0.942
2.800	0.334	-0.942
2.801	0.333	-0.943
2.802	0.332	-0.943
2.803	0.331	-0.943
2.804	0.330	-0.944
2.805	0.329	-0.944
2.806	0.328	-0.944
2.807	0.327	-0.945
2.808	0.326	-0.945
2.809	0.326	-0.945
2.810	0.325	-0.946
2.811	0.324	-0.946
2.812	0.323	-0.946
2.813	0.322	-0.947
2.814	0.321	-0.947
2.815	0.320	-0.947
2.816	0.319	-0.948
2.817	0.318	-0.948
2.818	0.317	-0.948
2.819	0.316	-0.949
2.820	0.315	-0.949
2.821	0.314	-0.949
2.822	0.313	-0.950
2.823	0.312	-0.950
2.824	0.311	-0.950
2.825	0.310	-0.950
2.826	0.309	-0.951
2.827	0.308	-0.951
2.828	0.308	-0.951
2.829	0.307	-0.952
2.830	0.306	-0.952
2.831	0.305	-0.952
2.832	0.304	-0.953
2.833	0.303	-0.953
2.834	0.302	-0.953
2.835	0.301	-0.954
2.836	0.300	-0.954
2.837	0.299	-0.954
2.838	0.298	-0.954
2.839	0.297	-0.955
2.840	0.296	-0.955
2.841	0.295	-0.955
2.842	0.294	-0.956
2.843	0.293	-0.956
2.844	0.292	-0.956
2.845	0.291	-0.956
2.846	0.290	-0.957
2.847	0.289	-0.957
2.848	0.288	-0.957
2.849	0.287	-0.958
2.850	0.287	-0.958
2.851	0.286	-0.958
2.852	0.285	-0.959
2.853	0.284	-0.959
2.854	0.283	-0.959
2.855	0.282	-0.959
2.856	0.281	-0.960
2.857	0.280	-0.960
2.858	0.279	-0.960
2.859	0.278	-0.960
2.860	0.277	-0.961
2.861	0.276	-0.961
2.862	0.275	-0.961
2.863	0.274	-0.962
2.864	0.273	-0.962
2.865	0.272	-0.962
2.866	0.271	-0.962
2.867	0.270	-0.963
2.868	0.269	-0.963
2.869	0.268	-0.963
2.870	0.267	-0.963
2.871	0.266	-0.964
2.872	0.265	-0.964
2.873	0.264	-0.964
2.874	0.263	-0.965
2.875	0.262	-0.965
2.876	0.262	-0.965
2.877	0.261	-0.965
2.878	0.260	-0.966
2.879	0.259	-0.966
2.880	0.258	-0.966
2.881	0.257	-0.966
2.882	0.256	-0.967
2.883	0.255	-0.967
2.884	0.254	-0.967
2.885	0.253	-0.967
2.886	0.252	-0.968
2.887	0.251	-0.968
2.888	0.250	-0.968
2.889	0.249	-0.968
2.890	0.248	-0.969
2.891	0.247	-0.969
2.892	0.246	-0.969
2.893	0.245	-0.969
2.894	0.244	-0.970
2.895	0.243	-0.970
2.896	0.242	-0.970
2.897	0.241	-0.970
2.898	0.240	-0.971
2.899	0.239	-0.971
2.900	0.238	-0.971
2.901	0.237	-0.971
2.902	0.236	-0.972
2.903	0.235	-0.972
2.904	0.234	-0.972
2.905	0.233	-0.972
2.906	0.232	-0.972
2.907	0.231	-0.973
2.908	0.231	-0.973
2.909	0.230	-0.973
2.910	0.229	-0.973
2.911	0.228	-0.974
2.912	0.227	-0.974
2.913	0.226	-0.974
2.914	0.225	-0.974
2.915	0.224	-0.975
2.916	0.223	-0.975
2.917	0.222	-0.975
2.918	0.221	-0.975
2.919	0.220	-0.975
2.920	0.219	-0.976
2.921	0.218	-0.976
2.922	0.217	-0.976
2.923	0.216	-0.976
2.924	0.215	-0.977
2.925	0.214	-0.977
2.926	0.213	-0.977
2.927	0.212	-0.977
2.928	0.211	-0.977
2.929	0.210	-0.978
2.930	0.209	-0.978
2.931	0.208	-0.978
2.932	0.207	-0.978
2.933	0.206	-0.978
2.934	0.205	-0.979
2.935	0.204	-0.979
2.936	0.203	-0.979
2.937	0.202	-0.979
2.938	0.201	-0.979
2.939	0.200	-0.980
2.940	0.199	-0.980
2.941	0.198	-0.980
2.942	0.197	-0.980
2.943	0.196	-0.980
2.944	0.195	-0.981
2.945	0.194	-0.981
2.946	0.193	-0.981
2.947	0.192	-0.981
2.948	0.191	-0.981
2.949	0.190	-0.982
2.950	0.189	-0.982
2.951	0.188	-0.982
2.952	0.187	-0.982
2.953	0.186	-0.982
2.954	0.186	-0.983
2.955	0.185	-0.983
2.956	0.184	-0.983
2.957	0.183	-0.983
2.958	0.182	-0.983
2.959	0.181	-0.983
2.960	0.180	-0.984
2.961	0.179	-0.984
2.962	0.178	-0.984
2.963	0.177	-0.984
2.964	0.176	-0.984
2.965	0.175	-0.985
2.966	0.174	-0.985
2.967	0.173	-0.985
2.968	0.172	-0.985
2.969	0.171	-0.985
2.970	0.170	-0.985
2.971	0.169	-0.986
2.972	0.168	-0.986
2.973	0.167	-0.986
2.974	0.166	-0.986
2.975	0.165	-0.986
2.976	0.164	-0.986
2.977	0.163	-0.987
2.978	0.162	-0.987
2.979	0.161	-0.987
2.980	0.160	-0.987
2.981	0.159	-0.987
2.982	0.158	-0.987
2.983	0.157	-0.988
2.984	0.156	-0.988
2.985	0.155	-0.988
2.986	0.154	-0.988
2.987	0.153	-0.988
2.988	0.152	-0.988
2.989	0.151	-0.988
2.990	0.150	-0.989
2.991	0.149	-0.989
2.992	0.148	-0.989
2.993	0.147	-0.989
2.994	0.146	-0.989
2.995	0.145	-0.989
2.996	0.144	-0.989
2.997	0.143	-0.990
2.998	0.142	-0.990
2.999	0.141	-0.990
3.000	0.140	-0.990
3.001	0.139	-0.990
3.002	0.138	-0.990
3.003	0.137	-0.990
3.004	0.136	-0.991
3.005	0.135	-0.991
3.006	0.134	-0.991
3.007	0.133	-0.991
3.008	0.132	-0.991
3.009	0.131	-0.991
3.010	0.130	-0.991
3.011	0.129	-0.992
3.012	0.128	-0.992
3.013	0.127	-0.992
3.014	0.126	-0.992
3.015	0.125	-0.992
3.016	0.124	-0.992
3.017	0.123	-0.992
3.018	0.122	-0.992
3.019	0.121	-0.993
3.020	0.120	-0.993
3.021	0.119	-0.993
3.022	0.118	-0.993
3.023	0.117	-0.993
3.024	0.116	-0.993
3.025	0.115	-0.993
3.026	0.114	-0.993
3.027	0.113	-0.993
3.028	0.112	-0.994
3.029	0.111	-0.994
3.030	0.110	-0.994
3.031	0.109	-0.994
3.032	0.108	-0.994
3.033	0.107	-0.994
3.034	0.106	-0.994
3.035	0.105	-0.994
3.036	0.104	-0.994
3.037	0.103	-0.995
3.038	0.102	-0.995
3.039	0.101	-0.995
3.040	0.100	-0.995
3.041	0.099	-0.995
3.042	0.098	-0.995
3.043	0.097	-0.995
3.044	0.096	-0.995
3.045	0.095	-0.995
3.046	0.094	-0.995
3.047	0.093	-0.996
3.048	0.092	-0.996
3.049	0.091	-0.996
3.050	0.090	-0.996
3.051	0.089	-0.996
3.052	0.088	-0.996
3.053	0.087	-0.996
3.054	0.086	-0.996
3.055	0.085	-0.996
3.056	0.084	-0.996
3.057	0.083	-0.996
3.058	0.082	-0.997
3.059	0.082	-0.997
3.060	0.081	-0.997
3.061	0.080	-0.997
3.062	0.079	-0.997
3.063	0.078	-0.997
3.064	0.077	-0.997
3.065	0.076	-0.997
3.066	0.075	-0.997
3.067	0.074	-0.997
3.068	0.073	-0.997
3.069	0.072	-0.997
3.070	0.071	-0.997
3.071	0.070	-0.998
3.072	0.069	-0.998
3.073	0.068	-0.998
3.074	0.067	-0.998
3.075	0.066	-0.998
3.076	0.065	-0.998
3.077	0.064	-0.998
3.078	0.063	-0.998
3.079	0.062	-0.998
3.080	0.061	-0.998
3.081	0.060	-0.998
3.082	0.059	-0.998
3.083	0.058	-0.998
3.084	0.057	-0.998
3.085	0.056	-0.998
3.086	0.055	-0.998
3.087	0.054	-0.999
3.088	0.053	-0.999
3.089	0.052	-0.999
3.090	0.051	-0.999
3.091	0.050	-0.999
3.092	0.049	-0.999
3.093	0.048	-0.999
3.094	0.047	-0.999
3.095	0.046	-0.999
3.096	0.045	-0.999
3.097	0.044	-0.999
3.098	0.043	-0.999
3.099	0.042	-0.999
3.100	0.041	-0.999
3.101	0.040	-0.999
3.102	0.039	-0.999
3.103	0.038	-0.999
3.104	0.037	-0.999
3.105	0.036	-0.999
3.106	0.035	-0.999
3.107	0.034	-0.999
3.108	0.033	-0.999
3.109	0.032	-0.999
3.110	0.031	-1.000
3.111	0.030	-1.000
3.112	0.029	-1.000
3.113	0.028	-1.000
3.114	0.027	-1.000
3.115	0.026	-1.000
3.116	0.025	-1.000
3.117	0.024	-1.000
3.118	0.023	-1.000
3.119	0.022	-1.000
3.120	0.021	-1.000
3.121	0.020	-1.000
3.122	0.019	-1.000
3.123	0.018	-1.000
3.124	0.017	-1.000
3.125	0.016	-1.000
3.126	0.015	-1.000
3.127	0.014	-1.000
3.128	0.013	-1.000
3.129	0.012	-1.000
3.130	0.011	-1.000
3.131	0.010	-1.000
3.132	0.009	-1.000
3.133	0.008	-1.000
3.134	0.007	-1.000
3.135	0.006	-1.000
3.136	0.005	-1.000
3.137	0.004	-1.000
3.138	0.003	-1.000
3.139	0.002	-1.000
3.140	0.001	-1.000
3.141	-0.000	-1.000
3.142	-0.001	-1.000
3.143	-0.002	-1.000
3.144	-0.003	-1.000
3.145	-0.004	-1.000
3.146	-0.005	-1.000
3.147	-0.006	-1.000
3.148	-0.007	-1.000
3.149	-0.008	-1.000
3.150	-0.009	-1.000
3.151	-0.010	-1.000
3.152	-0.011	-1.000
3.153	-0.012	-1.000
3.154	-0.013	-1.000
3.155	-0.014	-1.000
3.156	-0.015	-1.000
3.157	-0.016	-1.000
3.158	-0.017	-1.000
3.159	-0.018	-1.000
3.160	-0.019	-1.000
3.161	-0.020	-1.000
3.162	-0.021	-1.000
3.163	-0.022	-1.000
3.164	-0.023	-1.000
3.165	-0.024	-1.000
3.166	-0.025	-1.000
3.167	-0.026	-1.000
3.168	-0.027	-1.000
3.169	-0.028	-1.000
3.170	-0.029	-1.000
3.171	-0.030	-1.000
3.172	-0.031	-1.000
3.173	-0.032	-0.999
3.174	-0.033	-0.999
3.175	-0.034	-0.999
3.176	-0.035	-0.999
3.177	-0.036	-0.999
3.178	-0.037	-0.999
3.179	-0.038	-0.999
3.180	-0.039	-0.999
3.181	-0.040	-0.999
3.182	-0.041	-0.999
3.183	-0.042	-0.999
3.184	-0.043	-0.999
3.185	-0.044	-0.999
3.186	-0.045	-0.999
3.187	-0.046	-0.999
3.188	-0.047	-0.999
3.189	-0.048	-0.999
3.190	-0.049	-0.999
3.191	-0.050	-0.999
3.192	-0.051	-0.999
3.193	-0.052	-0.999
3.194	-0.053	-0.999
3.195	-0.054	-0.999
3.196	-0.055	-0.998
3.197	-0.056	-0.998
3.198	-0.057	-0.998
3.199	-0.058	-0.998
3.200	-0.059	-0.998
3.201	-0.060	-0.998
3.202	-0.061	-0.998
3.203	-0.062	-0.998
3.204	-0.063	-0.998
3.205	-0.064	-0.998
3.206	-0.065	-0.998
3.207	-0.066	-0.998
3.208	-0.067	-0.998
3.209	-0.068	-0.998
3.210	-0.069	-0.998
3.211	-0.070	-0.998
3.212	-0.071	-0.997
3.213	-0.072	-0.997
3.214	-0.073	-0.997
3.215	-0.074	-0.997
3.216	-0.075	-0.997
3.217	-0.076	-0.997
3.218	-0.077	-0.997
3.219	-0.078	-0.997
3.220	-0.079	-0.997
3.221	-0.080	-0.997
3.222	-0.081	-0.997
3.223	-0.082	-0.997
3.224	-0.083	-0.997
3.225	-0.084	-0.996
3.226	-0.085	-0.996
3.227	-0.086	-0.996
3.228	-0.087	-0.996
3.229	-0.088	-0.996
3.230	-0.089	-0.996
3.231	-0.090	-0.996
3.232	-0.091	-0.996
3.233	-0.092	-0.996
3.234	-0.093	-0.996
3.235	-0.094	-0.996
3.236	-0.095	-0.995
3.237	-0.096	-0.995
3.238	-0.097	-0.995
3.239	-0.098	-0.995
3.240	-0.099	-0.995
3.241	-0.100	-0.995
3.242	-0.101	-0.995
3.243	-0.102	-0.995
3.244	-0.103	-0.995
3.245	-0.104	-0.995
3.246	-0.105	-0.995
3.247	-0.106	-0.994
3.248	-0.107	-0.994
3.249	-0.108	-0.994
3.250	-0.109	-0.994
3.251	-0.110	-0.994
3.252	-0.111	-0.994
3.253	-0.112	-0.994
3.254	-0.113	-0.994
3.255	-0.114	-0.994
3.256	-0.115	-0.993
3.257	-0.116	-0.993
3.258	-0.117	-0.993
3.259	-0.118	-0.993
3.260	-0.119	-0.993
3.261	-0.120	-0.993
3.262	-0.121	-0.993
3.263	-0.122	-0.993
3.264	-0.123	-0.992
3.265	-0.124	-0.992
3.266	-0.125	-0.992
3.267	-0.126	-0.992
3.268	-0.127	-0.992
3.269	-0.128	-0.992
3.270	-0.129	-0.992
3.271	-0.130	-0.992
3.272	-0.131	-0.991
3.273	-0.132	-0.991
3.274	-0.133	-0.991
3.275	-0.134	-0.991
3.276	-0.135	-0.991
3.277	-0.136	-0.991
3.278	-0.137	-0.991
3.279	-0.138	-0.991
3.280	-0.139	-0.990
3.281	-0.140	-0.990
3.282	-0.141	-0.990
3.283	-0.142	-0.990
3.284	-0.143	-0.990
3.285	-0.144	-0.990
3.286	-0.145	-0.990
3.287	-0.146	-0.989
3.288	-0.147	-0.989
3.289	-0.148	-0.989
3.290	-0.149	-0.989
3.291	-0.150	-0.989
3.292	-0.151	-0.989
3.293	-0.152	-0.988
3.294	-0.153	-0.988
3.295	-0.154	-0.988
3.296	-0.155	-0.988
3.297	-0.156	-0.988
3.298	-0.157	-0.988
3.299	-0.158	-0.988
3.300	-0.159	-0.987
3.301	-0.160	-0.987
3.302	-0.161	-0.987
3.303	-0.162	-0.987
3.304	-0.163	-0.987
3.305	-0.164	-0.987
3.306	-0.165	-0.986
3.307	-0.166	-0.986
3.308	-0.167	-0.986
3.309	-0.168	-0.986
3.310	-0.169	-0.986
3.311	-0.170	-0.986
3.312	-0.171	-0.985
3.313	-0.172	-0.985
3.314	-0.173	-0.985
3.315	-0.174	-0.985
3.316	-0.175	-0.985
3.317	-0.175	-0.985
3.318	-0.176	-0.984
3.319	-0.177	-0.984
3.320	-0.178	-0.984
3.321	-0.179	-0.984
3.322	-0.180	-0.984
3.323	-0.181	-0.984
3.324	-0.182	-0.983
3.325	-0.183	-0.983
3.326	-0.184	-0.983
3.327	-0.185	-0.983
3.328	-0.186	-0.983
3.329	-0.187	-0.982
3.330	-0.188	-0.982
3.331	-0.189	-0.982
3.332	-0.190	-0.982
3.333	-0.191	-0.982
3.334	-0.192	-0.981
3.335	-0.193	-0.981
3.336	-0.194	-0.981
3.337	-0.195	-0.981
3.338	-0.196	-0.981
3.339	-0.197	-0.980
3.340	-0.198	-0.980
3.341	-0.199	-0.980
3.342	-0.200	-0.980
3.343	-0.201	-0.980
3.344	-0.202	-0.979
3.345	-0.203	-0.979
3.346	-0.204	-0.979
3.347	-0.205	-0.979
3.348	-0.206	-0.979
3.349	-0.207	-0.978
3.350	-0.208	-0.978
3.351	-0.209	-0.978
3.352	-0.210	-0.978
3.353	-0.211	-0.978
3.354	-0.212	-0.977
3.355	-0.213	-0.977
3.356	-0.214	-0.977
3.357	-0.215	-0.977
3.358	-0.216	-0.977
3.359	-0.217	-0.976
3.360	-0.218	-0.976
3.361	-0.219	-0.976
3.362	-0.220	-0.976
3.363	-0.221	-0.975
3.364	-0.222	-0.975
3.365	-0.223	-0.975
3.366	-0.224	-0.975
3.367	-0.224	-0.975
3.368	-0.225	-0.974
3.369	-0.226	-0.974
3.370	-0.227	-0.974
3.371	-0.228	-0.974
3.372	-0.229	-0.973
3.373	-0.230	-0.973
3.374	-0.231	-0.973
3.375	-0.232	-0.973
3.376	-0.233	-0.973
3.377	-0.234	-0.972
3.378	-0.235	-0.972
3.379	-0.236	-0.972
3.380	-0.237	-0.972
3.381	-0.238	-0.971
3.382	-0.239	-0.971
3.383	-0.240	-0.971
3.384	-0.241	-0.971
3.385	-0.242	-0.970
3.386	-0.243	-0.970
3.387	-0.244	-0.970
3.388	-0.245	-0.970
3.389	-0.246	-0.969
3.390	-0.247	-0.969
3.391	-0.248	-0.969
3.392	-0.249	-0.969
3.393	-0.250	-0.968
3.394	-0.251	-0.968
3.395	-0.252	-0.968
3.396	-0.253	-0.968
3.397	-0.254	-0.967
3.398	-0.255	-0.967
3.399	-0.256	-0.967
3.400	-0.257	-0.967
3.401	-0.257	-0.966
3.402	-0.258	-0.966
3.403	-0.259	-0.966
3.404	-0.260	-0.966
3.405	-0.261	-0.965
3.406	-0.262	-0.965
3.407	-0.263	-0.965
3.408	-0.264	-0.965
3.409	-0.265	-0.964
3.410	-0.266	-0.964
3.411	-0.267	-0.964
3.412	-0.268	-0.964
3.413	-0.269	-0.963
3.414	-0.270	-0.963
3.415	-0.271	-0.963
3.416	-0.272	-0.962
3.417	-0.273	-0.962
3.418	-0.274	-0.962
3.419	-0.275	-0.962
3.420	-0.276	-0.961
3.421	-0.277	-0.961
3.422	-0.278	-0.961
3.423	-0.279	-0.961
3.424	-0.280	-0.960
3.425	-0.281	-0.960
3.426	-0.282	-0.960
3.427	-0.283	-0.959
3.428	-0.283	-0.959
3.429	-0.284	-0.959
3.430	-0.285	-0.959
3.431	-0.286	-0.958
3.432	-0.287	-0.958
3.433	-0.288	-0.958
3.434	-0.289	-0.957
3.435	-0.290	-0.957
3.436	-0.291	-0.957
3.437	-0.292	-0.957
3.438	-0.293	-0.956
3.439	-0.294	-0.956
3.440	-0.295	-0.956
3.441	-0.296	-0.955
3.442	-0.297	-0.955
3.443	-0.298	-0.955
3.444	-0.299	-0.954
3.445	-0.300	-0.954
3.446	-0.301	-0.954
3.447	-0.302	-0.954
3.448	-0.303	-0.953
3.449	-0.304	-0.953
3.450	-0.304	-0.953
3.451	-0.305	-0.952
3.452	-0.306	-0.952
3.453	-0.307	-0.952
3.454	-0.308	-0.951
3.455	-0.309	-0.951
3.456	-0.310	-0.951
3.457	-0.311	-0.951
3.458	-0.312	-0.950
3.459	-0.313	-0.950
3.460	-0.314	-0.950
3.461	-0.315	-0.949
3.462	-0.316	-0.949
3.463	-0.317	-0.949
3.464	-0.318	-0.948
3.465	-0.319	-0.948
3.466	-0.320	-0.948
3.467	-0.321	-0.947
3.468	-0.322	-0.947
3.469	-0.323	-0.947
3.470	-0.323	-0.946
3.471	-0.324	-0.946
3.472	-0.325	-0.946
3.473	-0.326	-0.945
3.474	-0.327	-0.945
3.475	-0.328	-0.945
3.476	-0.329	-0.944
3.477	-0.330	-0.944
3.478	-0.331	-0.944
3.479	-0.332	-0.943
3.480	-0.333	-0.943
3.481	-0.334	-0.943
3.482	-0.335	-0.942
3.483	-0.336	-0.942
3.484	-0.337	-0.942
3.485	-0.338	-0.941
3.486	-0.339	-0.941
3.487	-0.340	-0.941
3.488	-0.340	-0.940
3.489	-0.341	-0.940
3.490	-0.342	-0.940
3.491	-0.343	-0.939
3.492	-0.344	-0.939
3.493	-0.345	-0.939
3.494	-0.346	-0.938
3.495	-0.347	-0.938
3.496	-0.348	-0.938
3.497	-0.349	-0.937
3.498	-0.350	-0.937
3.499	-0.351	-0.937
3.500	-0.352	-0.936
3.501	-0.353	-0.936
3.502	-0.354	-0.936
3.503	-0.355	-0.935
3.504	-0.355	-0.935
3.505	-0.356	-0.935
3.506	-0.357	-0.934
3.507	-0.358	-0.934
3.508	-0.359	-0.933
3.509	-0.360	-0.933
3.510	-0.361	-0.933
3.511	-0.362	-0.932
3.512	-0.363	-0.932
3.513	-0.364	-0.932
3.514	-0.365	-0.931
3.515	-0.366	-0.931
3.516	-0.367	-0.931
3.517	-0.368	-0.930
3.518	-0.369	-0.930
3.519	-0.369	-0.929
3.520	-0.370	-0.929
3.521	-0.371	-0.929
3.522	-0.372	-0.928
3.523	-0.373	-0.928
3.524	-0.374	-0.928
3.525	-0.375	-0.927
3.526	-0.376	-0.927
3.527	-0.377	-0.926
3.528	-0.378	-0.926
3.529	-0.379	-0.926
3.530	-0.380	-0.925
3.531	-0.381	-0.925
3.532	-0.381	-0.925
3.533	-0.382	-0.924
3.534	-0.383	-0.924
3.535	-0.384	-0.923
3.536	-0.385	-0.923
3.537	-0.386	-0.923
3.538	-0.387	-0.922
3.539	-0.388	-0.922
3.540	-0.389	-0.921
3.541	-0.390	-0.921
3.542	-0.391	-0.921
3.543	-0.392	-0.920
3.544	-0.393	-0.920
3.545	-0.393	-0.920
3.546	-0.394	-0.919
3.547	-0.395	-0.919
3.548	-0.396	-0.918
3.549	-0.397	-0.918
3.550	-0.398	-0.918
3.551	-0.399	-0.917
3.552	-0.400	-0.917
3.553	-0.401	-0.916
3.554	-0.402	-0.916
3.555	-0.403	-0.916
3.556	-0.404	-0.915
3.557	-0.404	-0.915
3.558	-0.405	-0.914
3.559	-0.406	-0.914
3.560	-0.407	-0.914
3.561	-0.408	-0.913
3.562	-0.409	-0.913
3.563	-0.410	-0.912
3.564	-0.411	-0.912
3.565	-0.412	-0.911
3.566	-0.413	-0.911
3.567	-0.414	-0.911
3.568	-0.415	-0.910
3.569	-0.415	-0.910
3.570	-0.416	-0.909
3.571	-0.417	-0.909
3.572	-0.418	-0.909
3.573	-0.419	-0.908
3.574	-0.420	-0.908
3.575	-0.421	-0.907
3.576	-0.422	-0.907
3.577	-0.423	-0.906
3.578	-0.424	-0.906
3.579	-0.424	-0.906
3.580	-0.425	-0.905
3.581	-0.426	-0.905
3.582	-0.427	-0.904
3.583	-0.428	-0.904
3.584	-0.429	-0.904
3.585	-0.430	-0.903
3.586	-0.431	-0.903
3.587	-0.432	-0.902
3.588	-0.433	-0.902
3.589	-0.434	-0.901
3.590	-0.434	-0.901
3.591	-0.435	-0.900
3.592	-0.436	-0.900
3.593	-0.437	-0.900
3.594	-0.438	-0.899
3.595	-0.439	-0.899
3.596	-0.440	-0.898
3.597	-0.441	-0.898
3.598	-0.442	-0.897
3.599	-0.443	-0.897
3.600	-0.443	-0.897
3.601	-0.444	-0.896
3.602	-0.445	-0.896
3.603	-0.446	-0.895
3.604	-0.447	-0.895
3.605	-0.448	-0.894
3.606	-0.449	-0.894
3.607	-0.450	-0.893
3.608	-0.451	-0.893
3.609	-0.451	-0.893
3.610	-0.452	-0.892
3.611	-0.453	-0.892
3.612	-0.454	-0.891
3.613	-0.455	-0.891
3.614	-0.456	-0.890
3.615	-0.457	-0.890
3.616	-0.458	-0.889
3.617	-0.459	-0.889
3.618	-0.459	-0.888
3.619	-0.460	-0.888
3.620	-0.461	-0.887
3.621	-0.462	-0.887
3.622	-0.463	-0.887
3.623	-0.464	-0.886
3.624	-0.465	-0.886
3.625	-0.466	-0.885
3.626	-0.467	-0.885
3.627	-0.467	-0.884
3.628	-0.468	-0.884
3.629	-0.469	-0.883
3.630	-0.470	-0.883
3.631	-0.471	-0.882
3.632	-0.472	-0.882
3.633	-0.473	-0.881
3.634	-0.474	-0.881
3.635	-0.475	-0.880
3.636	-0.475	-0.880
3.637	-0.476	-0.880
3.638	-0.477	-0.879
3.639	-0.478	-0.879
3.640	-0.479	-0.878
3.641	-0.480	-0.878
3.642	-0.481	-0.877
3.643	-0.482	-0.877
3.644	-0.482	-0.876
3.645	-0.483	-0.876
3.646	-0.484	-0.875
3.647	-0.485	-0.875
3.648	-0.486	-0.874
3.649	-0.487	-0.874
3.650	-0.488	-0.873
3.651	-0.489	-0.873
3.652	-0.489	-0.872
3.653	-0.490	-0.872
3.654	-0.491	-0.871
3.655	-0.492	-0.871
3.656	-0.493	-0.870
3.657	-0.494	-0.870
3.658	-0.495	-0.869
3.659	-0.495	-0.869
3.660	-0.496	-0.868
3.661	-0.497	-0.868
3.662	-0.498	-0.867
3.663	-0.499	-0.867
3.664	-0.500	-0.866
3.665	-0.501	-0.866
3.666	-0.502	-0.865
3.667	-0.502	-0.865
3.668	-0.503	-0.864
3.669	-0.504	-0.864
3.670	-0.505	-0.863
3.671	-0.506	-0.863
3.672	-0.507	-0.862
3.673	-0.508	-0.862
3.674	-0.508	-0.861
3.675	-0.509	-0.861
3.676	-0.510	-0.860
3.677	-0.511	-0.860
3.678	-0.512	-0.859
3.679	-0.513	-0.859
3.680	-0.514	-0.858
3.681	-0.514	-0.858
3.682	-0.515	-0.857
3.683	-0.516	-0.857
3.684	-0.517	-0.856
3.685	-0.518	-0.856
3.686	-0.519	-0.855
3.687	-0.520	-0.855
3.688	-0.520	-0.854
3.689	-0.521	-0.854
3.690	-0.522	-0.853
3.691	-0.523	-0.853
3.692	-0.524	-0.852
3.693	-0.525	-0.852
3.694	-0.526	-0.851
3.695	-0.526	-0.850
3.696	-0.527	-0.850
3.697	-0.528	-0.849
3.698	-0.529	-0.849
3.699	-0.530	-0.848
3.700	-0.531	-0.848
3.701	-0.532	-0.847
3.702	-0.532	-0.847
3.703	-0.533	-0.846
3.704	-0.534	-0.846
3.705	-0.535	-0.845
3.706	-0.536	-0.845
3.707	-0.537	-0.844
3.708	-0.537	-0.844
3.709	-0.538	-0.843
3.710	-0.539	-0.842
3.711	-0.540	-0.842
3.712	-0.541	-0.841
3.713	-0.542	-0.841
3.714	-0.542	-0.840
3.715	-0.543	-0.840
3.716	-0.544	-0.839
3.717	-0.545	-0.839
3.718	-0.546	-0.838
3.719	-0.547	-0.838
3.720	-0.548	-0.837
3.721	-0.548	-0.837
3.722	-0.549	-0.836
3.723	-0.550	-0.835
3.724	-0.551	-0.835
3.725	-0.552	-0.834
3.726	-0.553	-0.834
3.727	-0.553	-0.833
3.728	-0.554	-0.833
3.729	-0.555	-0.832
3.730	-0.556	-0.832
3.731	-0.557	-0.831
3.732	-0.558	-0.830
3.733	-0.558	-0.830
3.734	-0.559	-0.829
3.735	-0.560	-0.829
3.736	-0.561	-0.828
3.737	-0.562	-0.828
3.738	-0.563	-0.827
3.739	-0.563	-0.827
3.740	-0.564	-0.826
3.741	-0.565	-0.825
3.742	-0.566	-0.825
3.743	-0.567	-0.824
3.744	-0.567	-0.824
3.745	-0.568	-0.823
3.746	-0.569	-0.823
3.747	-0.570	-0.822
3.748	-0.571	-0.821
3.749	-0.572	-0.821
3.750	-0.572	-0.820
3.751	-0.573	-0.820
3.752	-0.574	-0.819
3.753	-0.575	-0.819
3.754	-0.576	-0.818
3.755	-0.576	-0.817
3.756	-0.577	-0.817
3.757	-0.578	-0.816
3.758	-0.579	-0.816
3.759	-0.580	-0.815
3.760	-0.581	-0.815
3.761	-0.581	-0.814
3.762	-0.582	-0.813
3.763	-0.583	-0.813
3.764	-0.584	-0.812
3.765	-0.585	-0.812
3.766	-0.585	-0.811
3.767	-0.586	-0.810
3.768	-0.587	-0.810
3.769	-0.588	-0.809
3.770	-0.589	-0.809
3.771	-0.589	-0.808
3.772	-0.590	-0.807
3.773	-0.591	-0.807
3.774	-0.592	-0.806
3.775	-0.593	-0.806
3.776	-0.594	-0.805
3.777	-0.594	-0.805
3.778	-0.595	-0.804
3.779	-0.596	-0.803
3.780	-0.597	-0.803
3.781	-0.598	-0.802
3.782	-0.598	-0.802
3.783	-0.599	-0.801
3.784	-0.600	-0.800
3.785	-0.601	-0.800
3.786	-0.602	-0.799
3.787	-0.602	-0.799
3.788	-0.603	-0.798
3.789	-0.604	-0.797
3.790	-0.605	-0.797
3.791	-0.606	-0.796
3.792	-0.606	-0.796
3.793	-0.607	-0.795
3.794	-0.608	-0.794
3.795	-0.609	-0.794
3.796	-0.609	-0.793
3.797	-0.610	-0.792
3.798	-0.611	-0.792
3.799	-0.612	-0.791
3.800	-0.613	-0.791
3.801	-0.613	-0.790
3.802	-0.614	-0.789
3.803	-0.615	-0.789
3.804	-0.616	-0.788
3.805	-0.617	-0.788
3.806	-0.617	-0.787
3.807	-0.618	-0.786
3.808	-0.619	-0.786
3.809	-0.620	-0.785
3.810	-0.621	-0.784
3.811	-0.621	-0.784
3.812	-0.622	-0.783
3.813	-0.623	-0.783
3.814	-0.624	-0.782
3.815	-0.624	-0.781
3.816	-0.625	-0.781
3.817	-0.626	-0.780
3.818	-0.627	-0.780
3.819	-0.628	-0.779
3.820	-0.628	-0.778
3.821	-0.629	-0.778
3.822	-0.630	-0.777
3.823	-0.631	-0.776
3.824	-0.631	-0.776
3.825	-0.632	-0.775
3.826	-0.633	-0.774
3.827	-0.634	-0.774
3.828	-0.635	-0.773
3.829	-0.635	-0.773
3.830	-0.636	-0.772
3.831	-0.637	-0.771
3.832	-0.638	-0.771
3.833	-0.638	-0.770
3.834	-0.639	-0.769
3.835	-0.640	-0.769
3.836	-0.641	-0.768
3.837	-0.641	-0.767
3.838	-0.642	-0.767
3.839	-0.643	-0.766
3.840	-0.644	-0.766
3.841	-0.645	-0.765
3.842	-0.645	-0.764
3.843	-0.646	-0.764
3.844	-0.647	-0.763
3.845	-0.648	-0.762
3.846	-0.648	-0.762
3.847	-0.649	-0.761
3.848	-0.650	-0.760
3.849	-0.651	-0.760
3.850	-0.651	-0.759
3.851	-0.652	-0.758
3.852	-0.653	-0.758
3.853	-0.654	-0.757
3.854	-0.654	-0.756
3.855	-0.655	-0.756
3.856	-0.656	-0.755
3.857	-0.657	-0.754
3.858	-0.657	-0.754
3.859	-0.658	-0.753
3.860	-0.659	-0.753
3.861	-0.660	-0.752
3.862	-0.660	-0.751
3.863	-0.661	-0.751
3.864	-0.662	-0.750
3.865	-0.663	-0.749
3.866	-0.663	-0.749
3.867	-0.664	-0.748
3.868	-0.665	-0.747
3.869	-0.666	-0.747
3.870	-0.666	-0.746
3.871	-0.667	-0.745
3.872	-0.668	-0.745
3.873	-0.669	-0.744
3.874	-0.669	-0.743
3.875	-0.670	-0.743
3.876	-0.671	-0.742
3.877	-0.672	-0.741
3.878	-0.672	-0.741
3.879	-0.673	-0.740
3.880	-0.674	-0.739
3.881	-0.675	-0.739
3.882	-0.675	-0.738
3.883	-0.676	-0.737
3.884	-0.677	-0.737
3.885	-0.678	-0.736
3.886	-0.678	-0.735
3.887	-0.679	-0.734
3.888	-0.680	-0.734
3.889	-0.680	-0.733
3.890	-0.681	-0.732
3.891	-0.682	-0.732
3.892	-0.683	-0.731
3.893	-0.683	-0.730
3.894	-0.684	-0.730
3.895	-0.685	-0.729
3.896	-0.686	-0.728
3.897	-0.686	-0.728
3.898	-0.687	-0.727
3.899	-0.688	-0.726
3.900	-0.688	-0.726
3.901	-0.689	-0.725
3.902	-0.690	-0.724
3.903	-0.691	-0.724
3.904	-0.691	-0.723
3.905	-0.692	-0.722
3.906	-0.693	-0.721
3.907	-0.694	-0.721
3.908	-0.694	-0.720
3.909	-0.695	-0.719
3.910	-0.696	-0.719
3.911	-0.696	-0.718
3.912	-0.697	-0.717
3.913	-0.698	-0.717
3.914	-0.699	-0.716
3.915	-0.699	-0.715
3.916	-0.700	-0.714
3.917	-0.701	-0.714
3.918	-0.701	-0.713
3.919	-0.702	-0.712
3.920	-0.703	-0.712
3.921	-0.704	-0.711
3.922	-0.704	-0.710
3.923	-0.705	-0.710
3.924	-0.706	-0.709
3.925	-0.706	-0.708
3.926	-0.707	-0.707
3.927	-0.708	-0.707
3.928	-0.709	-0.706
3.929	-0.709	-0.705
3.930	-0.710	-0.705
3.931	-0.711	-0.704
3.932	-0.711	-0.703
3.933	-0.712	-0.702
3.934	-0.713	-0.702
3.935	-0.713	-0.701
3.936	-0.714	-0.700
3.937	-0.715	-0.700
3.938	-0.716	-0.699
3.939	-0.716	-0.698
3.940	-0.717	-0.697
3.941	-0.718	-0.697
3.942	-0.718	-0.696
3.943	-0.719	-0.695
3.944	-0.720	-0.695
3.945	-0.720	-0.694
3.946	-0.721	-0.693
3.947	-0.722	-0.692
3.948	-0.722	-0.692
3.949	-0.723	-0.691
3.950	-0.724	-0.690
3.951	-0.725	-0.690
3.952	-0.725	-0.689
3.953	-0.726	-0.688
3.954	-0.727	-0.687
3.955	-0.727	-0.687
3.956	-0.728	-0.686
3.957	-0.729	-0.685
3.958	-0.729	-0.684
3.959	-0.730	-0.684
3.960	-0.731	-0.683
3.961	-0.731	-0.682
3.962	-0.732	-0.682
3.963	-0.733	-0.681
3.964	-0.733	-0.680
3.965	-0.734	-0.679
3.966	-0.735	-0.679
3.967	-0.736	-0.678
3.968	-0.736	-0.677
3.969	-0.737	-0.676
3.970	-0.738	-0.676
3.971	-0.738	-0.675
3.972	-0.739	-0.674
3.973	-0.740	-0.673
3.974	-0.740	-0.673
3.975	-0.741	-0.672
3.976	-0.742	-0.671
3.977	-0.742	-0.671
3.978	-0.743	-0.670
3.979	-0.744	-0.669
3.980	-0.744	-0.668
3.981	-0.745	-0.668
3.982	-0.746	-0.667
3.983	-0.746	-0.666
3.984	-0.747	-0.665
3.985	-0.748	-0.665
3.986	-0.748	-0.664
3.987	-0.749	-0.663
3.988	-0.750	-0.662
3.989	-0.750	-0.662
3.990	-0.751	-0.661
3.991	-0.752	-0.660
3.992	-0.752	-0.659
3.993	-0.753	-0.659
3.994	-0.754	-0.658
3.995	-0.754	-0.657
3.996	-0.755	-0.656
3.997	-0.755	-0.656
3.998	-0.756	-0.655
3.999	-0.757	-0.654
4.000	-0.757	-0.653
4.001	-0.758	-0.653
4.002	-0.759	-0.652
4.003	-0.759	-0.651
4.004	-0.760	-0.650
4.005	-0.761	-0.649
4.006	-0.761	-0.649
4.007	-0.762	-0.648
4.008	-0.763	-0.647
4.009	-0.763	-0.646
4.010	-0.764	-0.646
4.011	-0.765	-0.645
4.012	-0.765	-0.644
4.013	-0.766	-0.643
4.014	-0.767	-0.643
4.015	-0.767	-0.642
4.016	-0.768	-0.641
4.017	-0.768	-0.640
4.018	-0.769	-0.640
4.019	-0.770	-0.639
4.020	-0.770	-0.638
4.021	-0.771	-0.637
4.022	-0.772	-0.636
4.023	-0.772	-0.636
4.024	-0.773	-0.635
4.025	-0.774	-0.634
4.026	-0.774	-0.633
4.027	-0.775	-0.633
4.028	-0.775	-0.632
4.029	-0.776	-0.631
4.030	-0.777	-0.630
4.031	-0.777	-0.629
4.032	-0.778	-0.629
4.033	-0.779	-0.628
4.034	-0.779	-0.627
4.035	-0.780	-0.626
4.036	-0.780	-0.626
4.037	-0.781	-0.625
4.038	-0.782	-0.624
4.039	-0.782	-0.623
4.040	-0.783	-0.622
4.041	-0.784	-0.622
4.042	-0.784	-0.621
4.043	-0.785	-0.620
4.044	-0.785	-0.619
4.045	-0.786	-0.619
4.046	-0.787	-0.618
4.047	-0.787	-0.617
4.048	-0.788	-0.616
4.049	-0.789	-0.615
4.050	-0.789	-0.615
4.051	-0.790	-0.614
4.052	-0.790	-0.613
4.053	-0.791	-0.612
4.054	-0.792	-0.611
4.055	-0.792	-0.611
4.056	-0.793	-0.610
4.057	-0.793	-0.609
4.058	-0.794	-0.608
4.059	-0.795	-0.607
4.060	-0.795	-0.607
4.061	-0.796	-0.606
4.062	-0.796	-0.605
4.063	-0.797	-0.604
4.064	-0.798	-0.604
4.065	-0.798	-0.603
4.066	-0.799	-0.602
4.067	-0.799	-0.601
4.068	-0.800	-0.600
4.069	-0.801	-0.600
4.070	-0.801	-0.599
4.071	-0.802	-0.598
4.072	-0.802	-0.597
4.073	-0.803	-0.596
4.074	-0.804	-0.596
4.075	-0.804	-0.595
4.076	-0.805	-0.594
4.077	-0.805	-0.593
4.078	-0.806	-0.592
4.079	-0.807	-0.591
4.080	-0.807	-0.591
4.081	-0.808	-0.590
4.082	-0.808	-0.589
4.083	-0.809	-0.588
4.084	-0.810	-0.587
4.085	-0.810	-0.587
4.086	-0.811	-0.586
4.087	-0.811	-0.585
4.088	-0.812	-0.584
4.089	-0.812	-0.583
4.090	-0.813	-0.583
4.091	-0.814	-0.582
4.092	-0.814	-0.581
4.093	-0.815	-0.580
4.094	-0.815	-0.579
4.095	-0.816	-0.579
4.096	-0.817	-0.578
4.097	-0.817	-0.577
4.098	-0.818	-0.576
4.099	-0.818	-0.575
4.100	-0.819	-0.574
4.101	-0.819	-0.574
4.102	-0.820	-0.573
4.103	-0.821	-0.572
4.104	-0.821	-0.571
4.105	-0.822	-0.570
4.106	-0.822	-0.569
4.107	-0.823	-0.569
4.108	-0.823	-0.568
4.109	-0.824	-0.567
4.110	-0.825	-0.566
4.111	-0.825	-0.565
4.112	-0.826	-0.565
4.113	-0.826	-0.564
4.114	-0.827	-0.563
4.115	-0.827	-0.562
4.116	-0.828	-0.561
4.117	-0.828	-0.560
4.118	-0.829	-0.560
4.119	-0.830	-0.559
4.120	-0.830	-0.558
4.121	-0.831	-0.557
4.122	-0.831	-0.556
4.123	-0.832	-0.555
4.124	-0.832	-0.555
4.125	-0.833	-0.554
4.126	-0.833	-0.553
4.127	-0.834	-0.552
4.128	-0.835	-0.551
4.129	-0.835	-0.550
4.130	-0.836	-0.550
4.131	-0.836	-0.549
4.132	-0.837	-0.548
4.133	-0.837	-0.547
4.134	-0.838	-0.546
4.135	-0.838	-0.545
4.136	-0.839	-0.545
4.137	-0.840	-0.544
4.138	-0.840	-0.543
4.139	-0.841	-0.542
4.140	-0.841	-0.541
4.141	-0.842	-0.540
4.142	-0.842	-0.540
4.143	-0.843	-0.539
4.144	-0.843	-0.538
4.145	-0.844	-0.537
4.146	-0.844	-0.536
4.147	-0.845	-0.535
4.148	-0.845	-0.534
4.149	-0.846	-0.534
4.150	-0.847	-0.533
4.151	-0.847	-0.532
4.152	-0.848	-0.531
4.153	-0.848	-0.530
4.154	-0.849	-0.529
4.155	-0.849	-0.529
4.156	-0.850	-0.528
4.157	-0.850	-0.527
4.158	-0.851	-0.526
4.159	-0.851	-0.525
4.160	-0.852	-0.524
4.161	-0.852	-0.523
4.162	-0.853	-0.523
4.163	-0.853	-0.522
4.164	-0.854	-0.521
4.165	-0.854	-0.520
4.166	-0.855	-0.519
4.167	-0.855	-0.518
4.168	-0.856	-0.517
4.169	-0.856	-0.517
4.170	-0.857	-0.516
4.171	-0.858	-0.515
4.172	-0.858	-0.514
4.173	-0.859	-0.513
4.174	-0.859	-0.512
4.175	-0.860	-0.511
4.176	-0.860	-0.511
4.177	-0.861	-0.510
4.178	-0.861	-0.509
4.179	-0.862	-0.508
4.180	-0.862	-0.507
4.181	-0.863	-0.506
4.182	-0.863	-0.505
4.183	-0.864	-0.505
4.184	-0.864	-0.504
4.185	-0.865	-0.503
4.186	-0.865	-0.502
4.187	-0.866	-0.501
4.188	-0.866	-0.500
4.189	-0.867	-0.499
4.190	-0.867	-0.499
4.191	-0.868	-0.498
4.192	-0.868	-0.497
4.193	-0.869	-0.496
4.194	-0.869	-0.495
4.195	-0.870	-0.494
4.196	-0.870	-0.493
4.197	-0.871	-0.492
4.198	-0.871	-0.492
4.199	-0.872	-0.491
4.200	-0.872	-0.490
4.201	-0.873	-0.489
4.202	-0.873	-0.488
4.203	-0.874	-0.487
4.204	-0.874	-0.486
4.205	-0.875	-0.485
4.206	-0.875	-0.485
4.207	-0.875	-0.484
4.208	-0.876	-0.483
4.209	-0.876	-0.482
4.210	-0.877	-0.481
4.211	-0.877	-0.480
4.212	-0.878	-0.479
4.213	-0.878	-0.478
4.214	-0.879	-0.478
4.215	-0.879	-0.477
4.216	-0.880	-0.476
4.217	-0.880	-0.475
4.218	-0.881	-0.474
4.219	-0.881	-0.473
4.220	-0.882	-0.472
4.221	-0.882	-0.471
4.222	-0.883	-0.471
4.223	-0.883	-0.470
4.224	-0.884	-0.469
4.225	-0.884	-0.468
4.226	-0.884	-0.467
4.227	-0.885	-0.466
4.228	-0.885	-0.465
4.229	-0.886	-0.464
4.230	-0.886	-0.463
4.231	-0.887	-0.463
4.232	-0.887	-0.462
4.233	-0.888	-0.461
4.234	-0.888	-0.460
4.235	-0.889	-0.459
4.236	-0.889	-0.458
4.237	-0.890	-0.457
4.238	-0.890	-0.456
4.239	-0.890	-0.455
4.240	-0.891	-0.455
4.241	-0.891	-0.454
4.242	-0.892	-0.453
4.243	-0.892	-0.452
4.244	-0.893	-0.451
4.245	-0.893	-0.450
4.246	-0.894	-0.449
4.247	-0.894	-0.448
4.248	-0.895	-0.447
4.249	-0.895	-0.447
4.250	-0.895	-0.446
4.251	-0.896	-0.445
4.252	-0.896	-0.444
4.253	-0.897	-0.443
4.254	-0.897	-0.442
4.255	-0.898	-0.441
4.256	-0.898	-0.440
4.257	-0.899	-0.439
4.258	-0.899	-0.438
4.259	-0.899	-0.438
4.260	-0.900	-0.437
4.261	-0.900	-0.436
4.262	-0.901	-0.435
4.263	-0.901	-0.434
4.264	-0.902	-0.433
4.265	-0.902	-0.432
4.266	-0.902	-0.431
4.267	-0.903	-0.430
4.268	-0.903	-0.429
4.269	-0.904	-0.429
4.270	-0.904	-0.428
4.271	-0.905	-0.427
4.272	-0.905	-0.426
4.273	-0.905	-0.425
4.274	-0.906	-0.424
4.275	-0.906	-0.423
4.276	-0.907	-0.422
4.277	-0.907	-0.421
4.278	-0.908	-0.420
4.279	-0.908	-0.419
4.280	-0.908	-0.419
4.281	-0.909	-0.418
4.282	-0.909	-0.417
4.283	-0.910	-0.416
4.284	-0.910	-0.415
4.285	-0.910	-0.414
4.286	-0.911	-0.413
4.287	-0.911	-0.412
4.288	-0.912	-0.411
4.289	-0.912	-0.410
4.290	-0.913	-0.409
4.291	-0.913	-0.409
4.292	-0.913	-0.408
4.293	-0.914	-0.407
4.294	-0.914	-0.406
4.295	-0.915	-0.405
4.296	-0.915	-0.404
4.297	-0.915	-0.403
4.298	-0.916	-0.402
4.299	-0.916	-0.401
4.300	-0.917	-0.400
4.301	-0.917	-0.399
4.302	-0.917	-0.399
4.303	-0.918	-0.398
4.304	-0.918	-0.397
4.305	-0.919	-0.396
4.306	-0.919	-0.395
4.307	-0.919	-0.394
4.308	-0.920	-0.393
4.309	-0.920	-0.392
4.310	-0.921	-0.391
4.311	-0.921	-0.390
4.312	-0.921	-0.389
4.313	-0.922	-0.388
4.314	-0.922	-0.387
4.315	-0.922	-0.387
4.316	-0.923	-0.386
4.317	-0.923	-0.385
4.318	-0.924	-0.384
4.319	-0.924	-0.383
4.320	-0.924	-0.382
4.321	-0.925	-0.381
4.322	-0.925	-0.380
4.323	-0.926	-0.379
4.324	-0.926	-0.378
4.325	-0.926	-0.377
4.326	-0.927	-0.376
4.327	-0.927	-0.375
4.328	-0.927	-0.375
4.329	-0.928	-0.374
4.330	-0.928	-0.373
4.331	-0.929	-0.372
4.332	-0.929	-0.371
4.333	-0.929	-0.370
4.334	-0.930	-0.369
4.335	-0.930	-0.368
4.336	-0.930	-0.367
4.337	-0.931	-0.366
4.338	-0.931	-0.365
4.339	-0.931	-0.364
4.340	-0.932	-0.363
4.341	-0.932	-0.362
4.342	-0.933	-0.362
4.343	-0.933	-0.361
4.344	-0.933	-0.360
4.345	-0.934	-0.359
4.346	-0.934	-0.358
4.347	-0.934	-0.357
4.348	-0.935	-0.356
4.349	-0.935	-0.355
4.350	-0.935	-0.354
4.351	-0.936	-0.353
4.352	-0.936	-0.352
4.353	-0.936	-0.351
4.354	-0.937	-0.350
4.355	-0.937	-0.349
4.356	-0.938	-0.348
4.357	-0.938	-0.347
4.358	-0.938	-0.347
4.359	-0.939	-0.346
4.360	-0.939	-0.345
4.361	-0.939	-0.344
4.362	-0.940	-0.343
4.363	-0.940	-0.342
4.364	-0.940	-0.341
4.365	-0.941	-0.340
4.366	-0.941	-0.339
4.367	-0.941	-0.338
4.368	-0.942	-0.337
4.369	-0.942	-0.336
4.370	-0.942	-0.335
4.371	-0.943	-0.334
4.372	-0.943	-0.333
4.373	-0.943	-0.332
4.374	-0.944	-0.331
4.375	-0.944	-0.331
4.376	-0.944	-0.330
4.377	-0.945	-0.329
4.378	-0.945	-0.328
4.379	-0.945	-0.327
4.380	-0.946	-0.326
4.381	-0.946	-0.325
4.382	-0.946	-0.324
4.383	-0.947	-0.323
4.384	-0.947	-0.322
4.385	-0.947	-0.321
4.386	-0.948	-0.320
4.387	-0.948	-0.319
4.388	-0.948	-0.318
4.389	-0.948	-0.317
4.390	-0.949	-0.316
4.391	-0.949	-0.315
4.392	-0.949	-0.314
4.393	-0.950	-0.314
4.394	-0.950	-0.313
4.395	-0.950	-0.312
4.396	-0.951	-0.311
4.397	-0.951	-0.310
4.398	-0.951	-0.309
4.399	-0.952	-0.308
4.400	-0.952	-0.307
4.401	-0.952	-0.306
4.402	-0.953	-0.305
4.403	-0.953	-0.304
4.404	-0.953	-0.303
4.405	-0.953	-0.302
4.406	-0.954	-0.301
4.407	-0.954	-0.300
4.408	-0.954	-0.299
4.409	-0.955	-0.298
4.410	-0.955	-0.297
4.411	-0.955	-0.296
4.412	-0.956	-0.295
4.413	-0.956	-0.294
4.414	-0.956	-0.294
4.415	-0.956	-0.293
4.416	-0.957	-0.292
4.417	-0.957	-0.291
4.418	-0.957	-0.290
4.419	-0.958	-0.289
4.420	-0.958	-0.288
4.421	-0.958	-0.287
4.422	-0.958	-0.286
4.423	-0.959	-0.285
4.424	-0.959	-0.284
4.425	-0.959	-0.283
4.426	-0.960	-0.282
4.427	-0.960	-0.281
4.428	-0.960	-0.280
4.429	-0.960	-0.279
4.430	-0.961	-0.278
4.431	-0.961	-0.277
4.432	-0.961	-0.276
4.433	-0.961	-0.275
4.434	-0.962	-0.274
4.435	-0.962	-0.273
4.436	-0.962	-0.272
4.437	-0.963	-0.271
4.438	-0.963	-0.270
4.439	-0.963	-0.270
4.440	-0.963	-0.269
4.441	-0.964	-0.268
4.442	-0.964	-0.267
4.443	-0.964	-0.266
4.444	-0.964	-0.265
4.445	-0.965	-0.264
4.446	-0.965	-0.263
4.447	-0.965	-0.262
4.448	-0.966	-0.261
4.449	-0.966	-0.260
4.450	-0.966	-0.259
4.451	-0.966	-0.258
4.452	-0.967	-0.257
4.453	-0.967	-0.256
4.454	-0.967	-0.255
4.455	-0.967	-0.254
4.456	-0.968	-0.253
4.457	-0.968	-0.252
4.458	-0.968	-0.251
4.459	-0.968	-0.250
4.460	-0.969	-0.249
4.461	-0.969	-0.248
4.462	-0.969	-0.247
4.463	-0.969	-0.246
4.464	-0.970	-0.245
4.465	-0.970	-0.244
4.466	-0.970	-0.243
4.467	-0.970	-0.242
4.468	-0.971	-0.241
4.469	-0.971	-0.241
4.470	-0.971	-0.240
4.471	-0.971	-0.239
4.472	-0.971	-0.238
4.473	-0.972	-0.237
4.474	-0.972	-0.236
4.475	-0.972	-0.235
4.476	-0.972	-0.234
4.477	-0.973	-0.233
4.478	-0.973	-0.232
4.479	-0.973	-0.231
4.480	-0.973	-0.230
4.481	-0.974	-0.229
4.482	-0.974	-0.228
4.483	-0.974	-0.227
4.484	-0.974	-0.226
4.485	-0.974	-0.225
4.486	-0.975	-0.224
4.487	-0.975	-0.223
4.488	-0.975	-0.222
4.489	-0.975	-0.221
4.490	-0.976	-0.220
4.491	-0.976	-0.219
4.492	-0.976	-0.218
4.493	-0.976	-0.217
4.494	-0.976	-0.216
4.495	-0.977	-0.215
4.496	-0.977	-0.214
4.497	-0.977	-0.213
4.498	-0.977	-0.212
4.499	-0.978	-0.211
4.500	-0.978	-0.210
4.501	-0.978	-0.209
4.502	-0.978	-0.208
4.503	-0.978	-0.207
4.504	-0.979	-0.206
4.505	-0.979	-0.205
4.506	-0.979	-0.204
4.507	-0.979	-0.203
4.508	-0.979	-0.202
4.509	-0.980	-0.201
4.510	-0.980	-0.201
4.511	-0.980	-0.200
4.512	-0.980	-0.199
4.513	-0.980	-0.198
4.514	-0.981	-0.197
4.515	-0.981	-0.196
4.516	-0.981	-0.195
4.517	-0.981	-0.194
4.518	-0.981	-0.193
4.519	-0.982	-0.192
4.520	-0.982	-0.191
4.521	-0.982	-0.190
4.522	-0.982	-0.189
4.523	-0.982	-0.188
4.524	-0.982	-0.187
4.525	-0.983	-0.186
4.526	-0.983	-0.185
4.527	-0.983	-0.184
4.528	-0.983	-0.183
4.529	-0.983	-0.182
4.530	-0.984	-0.181
4.531	-0.984	-0.180
4.532	-0.984	-0.179
4.533	-0.984	-0.178
4.534	-0.984	-0.177
4.535	-0.984	-0.176
4.536	-0.985	-0.175
4.537	-0.985	-0.174
4.538	-0.985	-0.173
4.539	-0.985	-0.172
4.540	-0.985	-0.171
4.541	-0.986	-0.170
4.542	-0.986	-0.169
4.543	-0.986	-0.168
4.544	-0.986	-0.167
4.545	-0.986	-0.166
4.546	-0.986	-0.165
4.547	-0.987	-0.164
4.548	-0.987	-0.163
4.549	-0.987	-0.162
4.550	-0.987	-0.161
4.551	-0.987	-0.160
4.552	-0.987	-0.159
4.553	-0.987	-0.158
4.554	-0.988	-0.157
4.555	-0.988	-0.156
4.556	-0.988	-0.155
4.557	-0.988	-0.154
4.558	-0.988	-0.153
4.559	-0.988	-0.152
4.560	-0.989	-0.151
4.561	-0.989	-0.150
4.562	-0.989	-0.149
4.563	-0.989	-0.148
4.564	-0.989	-0.147
4.565	-0.989	-0.146
4.566	-0.989	-0.145
4.567	-0.990	-0.144
4.568	-0.990	-0.143
4.569	-0.990	-0.142
4.570	-0.990	-0.141
4.571	-0.990	-0.140
4.572	-0.990	-0.139
4.573	-0.990	-0.138
4.574	-0.991	-0.137
4.575	-0.991	-0.136
4.576	-0.991	-0.135
4.577	-0.991	-0.134
4.578	-0.991	-0.133
4.579	-0.991	-0.132
4.580	-0.991	-0.132
4.581	-0.992	-0.131
4.582	-0.992	-0.130
4.583	-0.992	-0.129
4.584	-0.992	-0.128
4.585	-0.992	-0.127
4.586	-0.992	-0.126
4.587	-0.992	-0.125
4.588	-0.992	-0.124
4.589	-0.993	-0.123
4.590	-0.993	-0.122
4.591	-0.993	-0.121
4.592	-0.993	-0.120
4.593	-0.993	-0.119
4.594	-0.993	-0.118
4.595	-0.993	-0.117
4.596	-0.993	-0.116
4.597	-0.993	-0.115
4.598	-0.994	-0.114
4.599	-0.994	-0.113
4.600	-0.994	-0.112
4.601	-0.994	-0.111
4.602	-0.994	-0.110
4.603	-0.994	-0.109
4.604	-0.994	-0.108
4.605	-0.994	-0.107
4.606	-0.994	-0.106
4.607	-0.995	-0.105
4.608	-0.995	-0.104
4.609	-0.995	-0.103
4.610	-0.995	-0.102
4.611	-0.995	-0.101
4.612	-0.995	-0.100
4.613	-0.995	-0.099
4.614	-0.995	-0.098
4.615	-0.995	-0.097
4.616	-0.995	-0.096
4.617	-0.996	-0.095
4.618	-0.996	-0.094
4.619	-0.996	-0.093
4.620	-0.996	-0.092
4.621	-0.996	-0.091
4.622	-0.996	-0.090
4.623	-0.996	-0.089
4.624	-0.996	-0.088
4.625	-0.996	-0.087
4.626	-0.996	-0.086
4.627	-0.996	-0.085
4.628	-0.997	-0.084
4.629	-0.997	-0.083
4.630	-0.997	-0.082
4.631	-0.997	-0.081
4.632	-0.997	-0.080
4.633	-0.997	-0.079
4.634	-0.997	-0.078
4.635	-0.997	-0.077
4.636	-0.997	-0.076
4.637	-0.997	-0.075
4.638	-0.997	-0.074
4.639	-0.997	-0.073
4.640	-0.997	-0.072
4.641	-0.998	-0.071
4.642	-0.998	-0.070
4.643	-0.998	-0.069
4.644	-0.998	-0.068
4.645	-0.998	-0.067
4.646	-0.998	-0.066
4.647	-0.998	-0.065
4.648	-0.998	-0.064
4.649	-0.998	-0.063
4.650	-0.998	-0.062
4.651	-0.998	-0.061
4.652	-0.998	-0.060
4.653	-0.998	-0.059
4.654	-0.998	-0.058
4.655	-0.998	-0.057
4.656	-0.998	-0.056
4.657	-0.999	-0.055
4.658	-0.999	-0.054
4.659	-0.999	-0.053
4.660	-0.999	-0.052
4.661	-0.999	-0.051
4.662	-0.999	-0.050
4.663	-0.999	-0.049
4.664	-0.999	-0.048
4.665	-0.999	-0.047
4.666	-0.999	-0.046
4.667	-0.999	-0.045
4.668	-0.999	-0.044
4.669	-0.999	-0.043
4.670	-0.999	-0.042
4.671	-0.999	-0.041
4.672	-0.999	-0.040
4.673	-0.999	-0.039
4.674	-0.999	-0.038
4.675	-0.999	-0.037
4.676	-0.999	-0.036
4.677	-0.999	-0.035
4.678	-0.999	-0.034
4.679	-0.999	-0.033
4.680	-1.000	-0.032
4.681	-1.000	-0.031
4.682	-1.000	-0.030
4.683	-1.000	-0.029
4.684	-1.000	-0.028
4.685	-1.000	-0.027
4.686	-1.000	-0.026
4.687	-1.000	-0.025
4.688	-1.000	-0.024
4.689	-1.000	-0.023
4.690	-1.000	-0.022
4.691	-1.000	-0.021
4.692	-1.000	-0.020
4.693	-1.000	-0.019
4.694	-1.000	-0.018
4.695	-1.000	-0.017
4.696	-1.000	-0.016
4.697	-1.000	-0.015
4.698	-1.000	-0.014
4.699	-1.000	-0.013
4.700	-1.000	-0.012
4.701	-1.000	-0.011
4.702	-1.000	-0.010
4.703	-1.000	-0.009
4.704	-1.000	-0.008
4.705	-1.000	-0.007
4.706	-1.000	-0.006
4.707	-1.000	-0.005
4.708	-1.000	-0.004
4.709	-1.000	-0.003
4.710	-1.000	-0.002
4.711	-1.000	-0.001
4.712	-1.000	0.000
4.713	-1.000	0.001
4.714	-1.000	0.002
4.715	-1.000	0.003
4.716	-1.000	0.004
4.717	-1.000	0.005
4.718	-1.000	0.006
4.719	-1.000	0.007
4.720	-1.000	0.008
4.721	-1.000	0.009
4.722	-1.000	0.010
4.723	-1.000	0.011
4.724	-1.000	0.012
4.725	-1.000	0.013
4.726	-1.000	0.014
4.727	-1.000	0.015
4.728	-1.000	0.016
4.729	-1.000	0.017
4.730	-1.000	0.018
4.731	-1.000	0.019
4.732	-1.000	0.020
4.733	-1.000	0.021
4.734	-1.000	0.022
4.735	-1.000	0.023
4.736	-1.000	0.024
4.737	-1.000	0.025
4.738	-1.000	0.026
4.739	-1.000	0.027
4.740	-1.000	0.028
4.741	-1.000	0.029
4.742	-1.000	0.030
4.743	-1.000	0.031
4.744	-0.999	0.032
4.745	-0.999	0.033
4.746	-0.999	0.034
4.747	-0.999	0.035
4.748	-0.999	0.036
4.749	-0.999	0.037
4.750	-0.999	0.038
4.751	-0.999	0.039
4.752	-0.999	0.040
4.753	-0.999	0.041
4.754	-0.999	0.042
4.755	-0.999	0.043
4.756	-0.999	0.044
4.757	-0.999	0.045
4.758	-0.999	0.046
4.759	-0.999	0.047
4.760	-0.999	0.048
4.761	-0.999	0.049
4.762	-0.999	0.050
4.763	-0.999	0.051
4.764	-0.999	0.052
4.765	-0.999	0.053
4.766	-0.999	0.054
4.767	-0.998	0.055
4.768	-0.998	0.056
4.769	-0.998	0.057
4.770	-0.998	0.058
4.771	-0.998	0.059
4.772	-0.998	0.060
4.773	-0.998	0.061
4.774	-0.998	0.062
4.775	-0.998	0.063
4.776	-0.998	0.064
4.777	-0.998	0.065
4.778	-0.998	0.066
4.779	-0.998	0.067
4.780	-0.998	0.068
4.781	-0.998	0.069
4.782	-0.998	0.070
4.783	-0.997	0.071
4.784	-0.997	0.072
4.785	-0.997	0.073
4.786	-0.997	0.074
4.787	-0.997	0.075
4.788	-0.997	0.076
4.789	-0.997	0.077
4.790	-0.997	0.078
4.791	-0.997	0.079
4.792	-0.997	0.080
4.793	-0.997	0.081
4.794	-0.997	0.082
4.795	-0.997	0.083
4.796	-0.996	0.084
4.797	-0.996	0.085
4.798	-0.996	0.086
4.799	-0.996	0.087
4.800	-0.996	0.088
4.801	-0.996	0.089
4.802	-0.996	0.090
4.803	-0.996	0.091
4.804	-0.996	0.092
4.805	-0.996	0.093
4.806	-0.996	0.094
4.807	-0.995	0.095
4.808	-0.995	0.096
4.809	-0.995	0.097
4.810	-0.995	0.098
4.811	-0.995	0.099
4.812	-0.995	0.100
4.813	-0.995	0.101
4.814	-0.995	0.102
4.815	-0.995	0.103
4.816	-0.995	0.104
4.817	-0.994	0.105
4.818	-0.994	0.106
4.819	-0.994	0.107
4.820	-0.994	0.108
4.821	-0.994	0.109
4.822	-0.994	0.110
4.823	-0.994	0.111
4.824	-0.994	0.112
4.825	-0.994	0.113
4.826	-0.993	0.114
4.827	-0.993	0.115
4.828	-0.993	0.116
4.829	-0.993	0.117
4.830	-0.993	0.118
4.831	-0.993	0.119
4.832	-0.993	0.120
4.833	-0.993	0.121
4.834	-0.992	0.122
4.835	-0.992	0.123
4.836	-0.992	0.124
4.837	-0.992	0.125
4.838	-0.992	0.126
4.839	-0.992	0.127
4.840	-0.992	0.128
4.841	-0.992	0.129
4.842	-0.991	0.130
4.843	-0.991	0.131
4.844	-0.991	0.132
4.845	-0.991	0.133
4.846	-0.991	0.134
4.847	-0.991	0.135
4.848	-0.991	0.136
4.849	-0.991	0.137
4.850	-0.990	0.138
4.851	-0.990	0.139
4.852	-0.990	0.140
4.853	-0.990	0.141
4.854	-0.990	0.142
4.855	-0.990	0.143
4.856	-0.990	0.144
4.857	-0.989	0.145
4.858	-0.989	0.146
4.859	-0.989	0.147
4.860	-0.989	0.148
4.861	-0.989	0.149
4.862	-0.989	0.150
4.863	-0.989	0.151
4.864	-0.988	0.152
4.865	-0.988	0.153
4.866	-0.988	0.154
4.867	-0.988	0.154
4.868	-0.988	0.155
4.869	-0.988	0.156
4.870	-0.987	0.157
4.871	-0.987	0.158
4.872	-0.987	0.159
4.873	-0.987	0.160
4.874	-0.987	0.161
4.875	-0.987	0.162
4.876	-0.986	0.163
4.877	-0.986	0.164
4.878	-0.986	0.165
4.879	-0.986	0.166
4.880	-0.986	0.167
4.881	-0.986	0.168
4.882	-0.985	0.169
4.883	-0.985	0.170
4.884	-0.985	0.171
4.885	-0.985	0.172
4.886	-0.985	0.173
4.887	-0.985	0.174
4.888	-0.984	0.175
4.889	-0.984	0.176
4.890	-0.984	0.177
4.891	-0.984	0.178
4.892	-0.984	0.179
4.893	-0.984	0.180
4.894	-0.983	0.181
4.895	-0.983	0.182
4.896	-0.983	0.183
4.897	-0.983	0.184
4.898	-0.983	0.185
4.899	-0.982	0.186
4.900	-0.982	0.187
4.901	-0.982	0.188
4.902	-0.982	0.189
4.903	-0.982	0.190
4.904	-0.982	0.191
4.905	-0.981	0.192
4.906	-0.981	0.193
4.907	-0.981	0.194
4.908	-0.981	0.195
4.909	-0.981	0.196
4.910	-0.980	0.197
4.911	-0.980	0.198
4.912	-0.980	0.199
4.913	-0.980	0.200
4.914	-0.980	0.201
4.915	-0.979	0.202
4.916	-0.979	0.203
4.917	-0.979	0.204
4.918	-0.979	0.205
4.919	-0.979	0.206
4.920	-0.978	0.207
4.921	-0.978	0.208
4.922	-0.978	0.209
4.923	-0.978	0.210
4.924	-0.977	0.211
4.925	-0.977	0.212
4.926	-0.977	0.212
4.927	-0.977	0.213
4.928	-0.977	0.214
4.929	-0.976	0.215
4.930	-0.976	0.216
4.931	-0.976	0.217
4.932	-0.976	0.218
4.933	-0.976	0.219
4.934	-0.975	0.220
4.935	-0.975	0.221
4.936	-0.975	0.222
4.937	-0.975	0.223
4.938	-0.974	0.224
4.939	-0.974	0.225
4.940	-0.974	0.226
4.941	-0.974	0.227
4.942	-0.974	0.228
4.943	-0.973	0.229
4.944	-0.973	0.230
4.945	-0.973	0.231
4.946	-0.973	0.232
4.947	-0.972	0.233
4.948	-0.972	0.234
4.949	-0.972	0.235
4.950	-0.972	0.236
4.951	-0.971	0.237
4.952	-0.971	0.238
4.953	-0.971	0.239
4.954	-0.971	0.240
4.955	-0.970	0.241
4.956	-0.970	0.242
4.957	-0.970	0.243
4.958	-0.970	0.244
4.959	-0.970	0.245
4.960	-0.969	0.246
4.961	-0.969	0.247
4.962	-0.969	0.248
4.963	-0.969	0.248
4.964	-0.968	0.249
4.965	-0.968	0.250
4.966	-0.968	0.251
4.967	-0.968	0.252
4.968	-0.967	0.253
4.969	-0.967	0.254
4.970	-0.967	0.255
4.971	-0.966	0.256
4.972	-0.966	0.257
4.973	-0.966	0.258
4.974	-0.966	0.259
4.975	-0.965	0.260
4.976	-0.965	0.261
4.977	-0.965	0.262
4.978	-0.965	0.263
4.979	-0.964	0.264
4.980	-0.964	0.265
4.981	-0.964	0.266
4.982	-0.964	0.267
4.983	-0.963	0.268
4.984	-0.963	0.269
4.985	-0.963	0.270
4.986	-0.963	0.271
4.987	-0.962	0.272
4.988	-0.962	0.273
4.989	-0.962	0.274
4.990	-0.961	0.275
4.991	-0.961	0.276
4.992	-0.961	0.276
4.993	-0.961	0.277
4.994	-0.960	0.278
4.995	-0.960	0.279
4.996	-0.960	0.280
4.997	-0.959	0.281
4.998	-0.959	0.282
4.999	-0.959	0.283
